0.57583787 0.28561038 -0.28444378 0.31236520 -1.17560707 1.25328501 1.29435549 0.61389014 -1.35908177 0.08267744 -0.68890875 -1.00001329 0.00000000 0.00000000 1.81126764 1.98622797 -1.82177447 1.44064415 0.41276244 -0.47357606 -0.86552713 0.69985939 -0.17267540 0.74344594 0.64738528 0.00000000 0.00000000 -1.46808742 1.07135126 1.92965300 1.87755264 0.45330728 -1.82295747 -1.98377942 -1.46410989 1.76400909 -0.78855775 -0.53541759 1.59278498 -0.74254478 0.19592874 -0.25587617 -1.74002330 0.33818490 1.37627159 -1.37432433 -1.10280413 -0.34851917 -1.85230052 -0.01358601
0.00000000 2.84975445 1.27193146 0.63156376 0.13393494 1.42050296 -1.40124746 0.26894191 -0.50330073 0.40521819 -1.54833719 1.10205080 -1.61357667 -1.33454502 1.22979901 1.79077570 -0.26707399 -0.34367667 -1.01807250 -0.90118643 0.46901108 -1.28615836 -1.52206998 -0.17706057 -1.34024877 0.59489932 1.28422270 1.11004556 -0.07946644 -0.60971498 -0.26115780 -1.97996570 0.85029280 -0.67337111 -0.72230705 -1.68029987 -0.20777630 0.33139587 -0.43765223 1.47818218 0.69341287 -1.03436703 0.10141540 1.64213527 0.08043878 0.40841947 -1.74890550 -0.04245553 -0.15423495 -0.39548048
0.00000000 0.00000000 -2.26184612 -0.31825857 0.33974020 0.00000000 0.15466819 -0.04041696 -1.33681424 -0.23461273 1.87471279 -0.33930523 -1.85872868 -1.98867829 0.00000000 0.14167381 -1.79770823 -1.62902638 -1.56497435 -0.18368668 1.97075226 -0.05977860 -0.16543886 -0.25395674 0.00444874 -0.21165012 0.90486080 1.59176614 0.79148139 -0.30675759 0.59811647 1.63816239 -1.38549063 -1.05063017 0.47644800 0.00000000 0.74807978 0.57040089 0.35411425 1.31769278 -0.08422819 1.23035545 1.84942339 0.00000000 0.00000000 -0.25857327 1.43538231 0.87296952 1.55472598 -1.81505646
0.00000000 0.00000000 0.00000000 -1.59762553 1.65239458 1.06735414 1.84951571 1.92527744 -0.85805708 0.68000527 0.00000000 -1.43490588 0.38053105 1.67831870 -1.23210672 -0.60052525 -1.68101729 -1.22137474 -1.16918933 -1.61599628 1.99879215 1.55013582 -0.14496011 0.97480979 0.78094717 0.08981844 -0.30605282 0.65629330 0.22207949 -0.93644069 -0.54269781 0.50906705 0.50851557 -1.16162496 0.43909196 1.49971504 1.48534980 0.60905323 -1.71930931 -0.30592764 -1.64391086 -1.77900081 -0.98120766 -0.17250495 1.03759802 0.51536616 -0.87006159 0.78027625 0.02602784 0.03011846
0.00000000 0.00000000 0.00000000 0.00000000 -2.78016939 -0.94551175 -0.23341725 -0.63389652 0.00000000 0.00000000 0.90618558 -0.06961388 -0.21293769 -0.09196762 -0.08035451 0.75855480 0.87939076 1.20438789 -0.37897247 1.17415944 1.85890378 1.96939765 0.88262241 -1.73804541 1.38914611 1.34582789 -1.93472872 0.00000000 -0.68933709 -0.71161112 0.96176849 0.00000000 0.44122515 -0.87071182 -1.25453775 -1.32587843 -1.61818708 1.16229096 1.74294299 -1.12049465 0.00000000 0.97965077 1.80457489 -1.23309110 0.28757781 -0.24274928 1.89944371 1.47836764 -1.93580754 -1.19469090
0.00000000 0.00000000 0.00000000 0.00000000 0.00000000 -4.29089480 1.39193630 0.29696429 0.09127727 0.00000000 1.23925431 1.05616682 1.81898540 -0.69320703 -1.80938388 0.76913114 -1.79944780 0.26071690 1.43894541 -0.41188704 0.40463536 -1.31427935 0.00000000 -1.36905717 0.42422029 1.45793266 1.99935186 -1.87544508 1.68392931 0.04447302 -0.60257733 -0.41034134 0.31155783 -0.60921246 -1.41796410 1.46225361 0.00000000 0.82595776 0.43941976 0.89023612 1.94410362 -1.29962840 1.29667507 1.28921723 -0.62660870 0.23510636 -0.16641958 -1.22265497 -0.26840971 -1.38976452
0.00000000 0.00000000 0.00000000 0.00000000 0.00000000 0.00000000 0.94555520 1.72881248 -1.25014649 0.53552580 0.28005002 1.89863062 1.17439240 -0.55923654 -0.49553505 -1.80040751 -1.79264909 -0.75610623 1.79932297 -1.80183182 -1.29302704 0.54474445 -0.55815274 -1.25769188 1.78953939 -1.82892262 0.00000000 0.39223852 -0.28492430 -0.61864845 -1.22027607 -1.34876245 -0.37749053 1.00938329 -0.12709323 1.10926453 1.51464936 -1.30757505 1.51860700 0.32561438 -0.31744906 0.05342304 1.55986719 -0.43213868 -1.62282767 1.83895483 -1.52648553 -1.57269074 0.88677399 -0.75664691
0.00000000 0.00000000 0.00000000 0.00000000 0.00000000 0.00000000 0.00000000 -1.81595501 0.00000000 -0.84013639 0.59817308 1.56582564 -0.61767090 1.62886183 0.47896935 0.43131513 0.13010750 -1.95111860 -1.36778560 0.70826892 0.77363596 0.00000000 -1.61242016 0.54796412 -0.10277617 0.30784884 -0.40347720 -1.12861474 -0.57813221 1.87525355 -1.24599348 1.44918601 0.12498042 -1.70053448 1.24488497 -1.93085114 1.34883706 0.00000000 -0.64600918 1.67447612 0.90797696 -0.56629862 0.50132392 1.94690006 -1.31562266 -1.17772427 -0.84319371 1.28264967 -1.01227919 -1.01446317
0.00000000 0.00000000 0.00000000 0.00000000 0.00000000 0.00000000 0.00000000 0.00000000 11.25279616 0.45881297 0.33830230 -0.32504356 0.20445826 -1.87561679 -1.97815302 -1.88932166 -1.77999560 1.08289456 1.91659388 -1.50144608 -0.45891493 -1.94148664 -0.26408104 0.64667848 0.49653764 1.60622305 0.20676595 -1.78891925 -0.49469234 -0.16358160 -0.65674066 -1.86190366 0.50987409 -0.04469383 0.83736535 -0.54166276 -1.71777504 -0.93874576 -1.29570341 -0.15703315 -1.38557949 -1.68569491 0.09959612 -1.43684978 -1.58189197 -1.51846104 0.82157977 1.22662155 1.23904347 0.30317120
0.00000000 0.00000000 0.00000000 0.00000000 0.00000000 0.00000000 0.00000000 0.00000000 0.00000000 -1.18486937 0.54082846 1.01475479 -0.28938884 0.03903676 0.85218218 0.53554467 0.43527347 0.58523840 0.14230403 -1.14432579 -0.77680266 0.76519686 -0.32436460 1.43371263 -0.50351219 0.67741506 0.00000000 -1.53773172 -0.80184664 1.40435217 -1.29782781 0.50365329 -1.88888534 0.43714583 -0.19430987 0.00000000 1.59759610 1.30182370 1.09281326 -0.64522739 0.67617606 -1.38092580 -0.04090537 0.00000000 -0.44251689 -0.12136156 -0.90363172 -1.15312140 0.07940401 0.61448204
0.00000000 0.00000000 0.00000000 0.00000000 0.00000000 0.00000000 0.00000000 0.00000000 0.00000000 0.00000000 -7.99968171 0.25107008 1.81212315 0.22579707 -1.40300948 0.56646076 -0.73369248 1.75415430 -1.48039907 -0.16937262 0.69494538 0.00000000 1.87799235 0.08760360 -0.47949485 1.10516825 1.14784086 1.65469187 0.88574520 -1.48959052 0.00000000 0.00000000 1.96577764 1.72272817 -0.25893205 0.63719015 1.33716993 1.66753559 0.89213371 -1.63762614 -1.72868595 -0.53487734 -0.17602028 -0.75467854 0.99795139 1.05477287 -0.40121563 0.79215838 -1.22988243 1.80556949
0.00000000 0.00000000 0.00000000 0.00000000 0.00000000 0.00000000 0.00000000 0.00000000 0.00000000 0.00000000 0.00000000 -0.94223761 -1.03408597 -1.37509740 -0.47138920 1.45219572 0.39294387 0.74443492 1.27311956 -0.45637170 1.83808053 1.94930387 0.14068829 0.99746615 1.41505055 0.36655893 -1.47922259 0.62722014 -0.17719009 1.41699222 -1.16297266 -1.95289301 -1.28464140 -1.31678136 -0.46276317 -1.16881265 -0.66415136 0.35627572 -1.38019964 -0.06166025 -0.57773231 -1.98036074 0.69678150 0.00000000 0.00604346 1.10488286 1.50741257 -1.80784707 0.85642565 -0.16284561
0.00000000 0.00000000 0.00000000 0.00000000 0.00000000 0.00000000 0.00000000 0.00000000 0.00000000 0.00000000 0.00000000 0.00000000 -2.15989704 1.49697059 -1.53796950 1.35511182 -0.28158096 -1.62920832 -0.15139335 1.50850123 -1.70625797 -0.48508169 -1.67958227 -1.97177006 1.30677199 0.20297170 0.28275944 1.59713280 -1.66005840 1.77735952 1.01236276 1.40357377 1.26085503 -0.42479196 0.00000000 -1.90723489 1.99013810 0.53162246 0.84670992 0.78255574 -0.80499942 0.62762005 -0.19695773 -1.09286131 -0.00185214 -0.12898846 -0.79227430 0.99775522 1.63557847 0.39220472
0.00000000 0.00000000 0.00000000 0.00000000 0.00000000 0.00000000 0.00000000 0.00000000 0.00000000 0.00000000 0.00000000 0.00000000 0.00000000 8.48427533 -1.90721740 0.17777781 0.52344977 1.26197334 0.00000000 -0.78628119 -1.06239881 -0.50501586 -1.35755037 1.11740022 -1.89157401 0.25916150 1.33287018 -1.87040338 -1.34213190 1.96776580 -0.76979783 1.07152436 -1.88634413 -0.13215681 -1.82830854 -1.01816445 -1.93086263 0.71747963 0.00000000 -0.18370477 -0.59198865 -0.31810833 0.72088058 -0.96448517 -1.38162025 -1.83250132 0.61525782 0.65796730 -1.04303908 0.06095966
0.00000000 0.00000000 0.00000000 0.00000000 0.00000000 0.00000000 0.00000000 0.00000000 0.00000000 0.00000000 0.00000000 0.00000000 0.00000000 0.00000000 1.65881596 1.87751168 -0.10649354 1.06451700 -0.59789710 0.20829759 1.11496737 0.00000000 0.79170922 0.38947671 0.00000000 -0.82133122 -1.77418217 -0.07105828 0.89097582 -0.56117381 0.90609909 -0.11612414 -1.72057008 0.32371578 0.19667663 -0.71308034 -1.20358756 1.94223123 0.34253804 0.89776235 -1.83121753 0.93319935 -1.35400603 -0.06756257 -0.42514085 -0.44434311 1.16285854 -1.18949971 1.78019656 1.39980370
0.00000000 0.00000000 0.00000000 0.00000000 0.00000000 0.00000000 0.00000000 0.00000000 0.00000000 0.00000000 0.00000000 0.00000000 0.00000000 0.00000000 0.00000000 -10.77919544 -0.03435076 1.50497335 0.19898647 1.67332695 -0.04598501 1.91045012 0.97594335 0.63297160 1.97655532 0.78198776 -1.02021701 0.58920843 -1.32112529 -0.38100866 0.81335564 -1.23693050 -0.30698548 -1.08251970 -0.34475687 -1.07492802 0.81205150 1.33855737 -0.07507617 0.84919289 1.01933583 1.23084850 1.20856507 0.62930035 0.95480234 0.91750832 0.09174260 1.18416241 -1.24315238 0.87957395
0.00000000 0.00000000 0.00000000 0.00000000 0.00000000 0.00000000 0.00000000 0.00000000 0.00000000 0.00000000 0.00000000 0.00000000 0.00000000 0.00000000 0.00000000 0.00000000 -1.25607901 0.55340238 0.16287565 0.41737701 1.67319519 1.15800222 0.76258897 1.60307087 1.48532638 -0.68953677 1.44298954 1.54444471 0.32938534 1.70151164 -1.29815567 1.20809109 -1.02945708 -0.40128400 0.03195513 -0.31298734 0.06729221 -1.62927537 -1.76401108 0.89726636 -0.91854658 -0.88981924 0.80105061 1.02656181 0.13989879 1.27095047 -0.59739292 1.56016650 0.55293479 1.38690525
0.00000000 0.00000000 0.00000000 0.00000000 0.00000000 0.00000000 0.00000000 0.00000000 0.00000000 0.00000000 0.00000000 0.00000000 0.00000000 0.00000000 0.00000000 0.00000000 0.00000000 -2.23493899 1.25562212 0.80380893 0.00000000 1.69662350 1.01689612 0.00000000 -0.19915865 -1.52637667 -0.38661635 0.45502569 -1.90816488 0.38600111 -0.36821093 -0.09759890 -1.73507127 -1.68705459 0.59378951 -0.92295743 -1.38264305 1.46695783 -1.77142228 0.81239214 1.29219876 1.58614990 0.63704047 -1.78546160 -0.24965096 1.49804987 -0.35788639 0.14141635 0.97120114 0.30815222
0.00000000 0.00000000 0.00000000 0.00000000 0.00000000 0.00000000 0.00000000 0.00000000 0.00000000 0.00000000 0.00000000 0.00000000 0.00000000 0.00000000 0.00000000 0.00000000 0.00000000 0.00000000 2.68169798 -0.55767261 0.36879868 0.00000000 -0.14211912 -0.66909533 -1.72076762 -0.95837668 1.98036903 -0.82908271 -0.60649590 1.92433633 -1.58893803 -0.98887707 -0.49348660 -0.14364259 -0.38020408 -0.90191862 -1.39844194 0.22166522 -1.32407827 -1.98540293 1.03656339 1.05454254 -0.55530720 1.52760751 -1.36284488 1.60389564 0.72564181 0.68095073 -1.79987284 1.04700940
0.00000000 0.00000000 0.00000000 0.00000000 0.00000000 0.00000000 0.00000000 0.00000000 0.00000000 0.00000000 0.00000000 0.00000000 0.00000000 0.00000000 0.00000000 0.00000000 0.00000000 0.00000000 0.00000000 0.92280305 -1.32373579 0.14273423 0.20090920 -1.75807221 -0.81889670 1.67790471 1.03554476 -0.76856441 1.90860683 -1.71178388 0.61030295 1.21437998 1.39049429 0.58735857 0.95763211 -1.01475237 1.13032438 0.72249100 0.29597603 -0.93243928 0.68839241 -1.80144713 0.00890739 0.62974461 -0.64597832 0.39966523 -1.77637570 -0.66192634 -0.03634854 1.31324011
0.00000000 0.00000000 0.00000000 0.00000000 0.00000000 0.00000000 0.00000000 0.00000000 0.00000000 0.00000000 0.00000000 0.00000000 0.00000000 0.00000000 0.00000000 0.00000000 0.00000000 0.00000000 0.00000000 0.00000000 -2.49716378 0.14656256 1.71932086 -0.50705384 1.56872426 0.32755287 -0.11883918 0.00000000 -1.26980979 1.30560266 1.18096781 0.00000000 -0.45010410 -0.71494133 -0.90445545 -0.63936922 0.00000000 -1.63604495 1.41832811 -0.25502130 -1.28963573 0.72640728 -1.29838810 1.51873251 -1.98246895 0.21289555 0.56209609 -0.62955190 -1.22748074 1.59723315
0.00000000 0.00000000 0.00000000 0.00000000 0.00000000 0.00000000 0.00000000 0.00000000 0.00000000 0.00000000 0.00000000 0.00000000 0.00000000 0.00000000 0.00000000 0.00000000 0.00000000 0.00000000 0.00000000 0.00000000 0.00000000 -4.47993576 0.36768942 0.78108326 -1.33574527 -1.96169319 1.62820850 -1.24768095 -1.78038056 1.10929958 0.26592750 -1.93140614 0.23018805 0.03531027 1.69231846 0.36080444 -1.39754741 0.50060078 1.20180439 1.87041953 -0.75510582 0.30868889 -1.80926527 1.81978983 -1.42856817 0.61137571 1.42382368 -0.08120258 1.91125953 -0.37133513
0.00000000 0.00000000 0.00000000 0.00000000 0.00000000 0.00000000 0.00000000 0.00000000 0.00000000 0.00000000 0.00000000 0.00000000 0.00000000 0.00000000 0.00000000 0.00000000 0.00000000 0.00000000 0.00000000 0.00000000 0.00000000 0.00000000 -0.12965057 0.27443378 1.41113364 0.00000000 -1.93480077 1.45273125 1.38340317 -1.34117299 0.79054307 -0.89649801 -1.23239650 0.04354753 0.84527437 -0.47750121 -0.63517256 -1.10307222 0.29772308 0.33269933 1.47141497 1.33753022 -1.96761218 -1.41319874 -1.47288456 -0.91210323 0.96895755 -0.04286976 0.92116156 1.36508478
0.00000000 0.00000000 0.00000000 0.00000000 0.00000000 0.00000000 0.00000000 0.00000000 0.00000000 0.00000000 0.00000000 0.00000000 0.00000000 0.00000000 0.00000000 0.00000000 0.00000000 0.00000000 0.00000000 0.00000000 0.00000000 0.00000000 0.00000000 2.46821986 -0.52127797 -1.98620335 -1.14718794 0.46781441 0.29193001 -1.18355722 1.01748503 -1.88413402 -1.38095704 0.07362758 0.41823679 1.66925825 -0.46391514 1.25104493 -0.11087453 -0.79159106 1.81067658 -0.01703889 0.82935963 -0.83052156 1.53857389 -0.09346910 -1.81260013 -1.73081022 -0.58911599 -0.28950664
0.00000000 0.00000000 0.00000000 0.00000000 0.00000000 0.00000000 0.00000000 0.00000000 0.00000000 0.00000000 0.00000000 0.00000000 0.00000000 0.00000000 0.00000000 0.00000000 0.00000000 0.00000000 0.00000000 0.00000000 0.00000000 0.00000000 0.00000000 0.00000000 -1.49866328 -1.55502388 1.39567827 0.22695589 0.00000000 1.79159531 0.60369175 1.19590422 -1.31822946 -1.82378209 -1.08739428 -0.32324609 -1.79965490 1.70968750 -0.80449543 1.16990924 -1.81652861 1.39922188 -0.66695377 0.05899890 0.43789109 0.44315851 -0.81548895 -0.98402399 -0.44749623 0.22461714
0.00000000 0.00000000 0.00000000 0.00000000 0.00000000 0.00000000 0.00000000 0.00000000 0.00000000 0.00000000 0.00000000 0.00000000 0.00000000 0.00000000 0.00000000 0.00000000 0.00000000 0.00000000 0.00000000 0.00000000 0.00000000 0.00000000 0.00000000 0.00000000 0.00000000 0.44632306 -1.99777122 -1.09144093 0.00000000 -1.72004320 1.33212160 0.80206795 1.32536785 0.00000000 0.67825793 -1.85913578 -0.69079871 1.52779843 -0.13374831 -0.71232306 -1.36776515 1.65151964 -1.62447438 -0.55650561 -0.73571586 0.54908470 1.64580908 0.95957088 0.00000000 1.86332156
0.00000000 0.00000000 0.00000000 0.00000000 0.00000000 0.00000000 0.00000000 0.00000000 0.00000000 0.00000000 0.00000000 0.00000000 0.00000000 0.00000000 0.00000000 0.00000000 0.00000000 0.00000000 0.00000000 0.00000000 0.00000000 0.00000000 0.00000000 0.00000000 0.00000000 0.00000000 -4.94919240 -0.86047914 0.98390123 0.85147212 -1.78734585 0.29547077 1.50938981 -1.87885090 -1.09055599 0.14252201 0.43208207 0.17809772 1.53255670 -0.48301286 0.00000000 0.63375821 0.17900365 1.28551751 -0.43645249 1.67572807 1.38970558 0.89242250 1.66336992 0.65171823
0.00000000 0.00000000 0.00000000 0.00000000 0.00000000 0.00000000 0.00000000 0.00000000 0.00000000 0.00000000 0.00000000 0.00000000 0.00000000 0.00000000 0.00000000 0.00000000 0.00000000 0.00000000 0.00000000 0.00000000 0.00000000 0.00000000 0.00000000 0.00000000 0.00000000 0.00000000 0.00000000 1.24615843 -0.82480559 1.83718771 -0.59262219 -0.61294809 0.50828239 0.00149953 1.98572648 -0.34251697 1.73150114 -0.19733050 -1.09850194 0.14249186 0.69363033 -0.79845928 0.34778347 -0.25192195 -1.91456333 -1.74041038 -0.48055748 0.80268804 -1.36677822 1.85024745
0.00000000 0.00000000 0.00000000 0.00000000 0.00000000 0.00000000 0.00000000 0.00000000 0.00000000 0.00000000 0.00000000 0.00000000 0.00000000 0.00000000 0.00000000 0.00000000 0.00000000 0.00000000 0.00000000 0.00000000 0.00000000 0.00000000 0.00000000 0.00000000 0.00000000 0.00000000 0.00000000 0.00000000 2.78307067 -0.54799755 -1.56880162 -1.25323520 1.68220397 1.38064061 0.64834389 -1.76554698 0.56850013 -1.90802883 -1.06065620 -1.72987999 0.68327068 1.27679037 -0.95467999 1.98394153 0.16934997 1.39808744 -1.21319122 1.18518432 0.52310371 -1.68776802
0.00000000 0.00000000 0.00000000 0.00000000 0.00000000 0.00000000 0.00000000 0.00000000 0.00000000 0.00000000 0.00000000 0.00000000 0.00000000 0.00000000 0.00000000 0.00000000 0.00000000 0.00000000 0.00000000 0.00000000 0.00000000 0.00000000 0.00000000 0.00000000 0.00000000 0.00000000 0.00000000 0.00000000 0.00000000 -2.53440929 1.05625605 1.05656204 -0.48812379 -0.93756491 -1.70019444 0.41091827 -0.80369968 -1.06539821 -0.20449660 -1.48599704 0.63878905 -0.70367963 -0.82463586 -0.26940286 -0.26264613 -0.26001573 -0.98433855 1.01234026 1.58281598 0.26155686
0.00000000 0.00000000 0.00000000 0.00000000 0.00000000 0.00000000 0.00000000 0.00000000 0.00000000 0.00000000 0.00000000 0.00000000 0.00000000 0.00000000 0.00000000 0.00000000 0.00000000 0.00000000 0.00000000 0.00000000 0.00000000 0.00000000 0.00000000 0.00000000 0.00000000 0.00000000 0.00000000 0.00000000 0.00000000 0.00000000 -0.16987125 0.88640636 1.24138596 -0.85654120 1.47696215 0.27754938 0.54154418 0.21236177 1.53815276 -0.03215091 0.00000000 0.83888167 -0.96276882 -1.36046096 0.15685340 1.29921171 -1.42255427 0.90102086 -0.90435904 -1.55418762
0.00000000 0.00000000 0.00000000 0.00000000 0.00000000 0.00000000 0.00000000 0.00000000 0.00000000 0.00000000 0.00000000 0.00000000 0.00000000 0.00000000 0.00000000 0.00000000 0.00000000 0.00000000 0.00000000 0.00000000 0.00000000 0.00000000 0.00000000 0.00000000 0.00000000 0.00000000 0.00000000 0.00000000 0.00000000 0.00000000 0.00000000 1.45959409 1.23920449 -1.76792852 -0.32134067 0.62289916 0.80984998 1.06379136 -1.60215044 -1.47598835 -0.77526700 1.37141798 1.58181238 -0.31123846 -0.87275894 0.45859607 -0.28101859 -1.92071414 0.43237463 1.71353254
0.00000000 0.00000000 0.00000000 0.00000000 0.00000000 0.00000000 0.00000000 0.00000000 0.00000000 0.00000000 0.00000000 0.00000000 0.00000000 0.00000000 0.00000000 0.00000000 0.00000000 0.00000000 0.00000000 0.00000000 0.00000000 0.00000000 0.00000000 0.00000000 0.00000000 0.00000000 0.00000000 0.00000000 0.00000000 0.00000000 0.00000000 0.00000000 1.66805812 0.66418519 0.89850623 -1.71501619 0.45328671 1.76334142 -0.91284949 -0.71756834 -0.99926673 0.39206511 -0.62157397 1.39519581 0.70522764 0.18000690 1.04540234 0.00000000 -1.16835995 -0.99710335
0.00000000 0.00000000 0.00000000 0.00000000 0.00000000 0.00000000 0.00000000 0.00000000 0.00000000 0.00000000 0.00000000 0.00000000 0.00000000 0.00000000 0.00000000 0.00000000 0.00000000 0.00000000 0.00000000 0.00000000 0.00000000 0.00000000 0.00000000 0.00000000 0.00000000 0.00000000 0.00000000 0.00000000 0.00000000 0.00000000 0.00000000 0.00000000 0.00000000 7.02153913 -0.30566545 -0.42451001 -0.24128963 1.94855137 0.00000000 0.00000000 -0.70408389 1.39420749 1.33472068 -0.73214354 -0.42803806 -1.90948413 0.78015950 -0.06101407 -1.32211346 1.61088076
0.00000000 0.00000000 0.00000000 0.00000000 0.00000000 0.00000000 0.00000000 0.00000000 0.00000000 0.00000000 0.00000000 0.00000000 0.00000000 0.00000000 0.00000000 0.00000000 0.00000000 0.00000000 0.00000000 0.00000000 0.00000000 0.00000000 0.00000000 0.00000000 0.00000000 0.00000000 0.00000000 0.00000000 0.00000000 0.00000000 0.00000000 0.00000000 0.00000000 0.00000000 0.17215840 -0.20538489 -1.03273985 -0.09765528 0.00000000 -1.31823998 -1.03718896 0.58240726 0.62461811 -1.57901741 0.94431188 1.08737374 0.15003867 0.43538190 0.44197460 1.10322631
0.00000000 0.00000000 0.00000000 0.00000000 0.00000000 0.00000000 0.00000000 0.00000000 0.00000000 0.00000000 0.00000000 0.00000000 0.00000000 0.00000000 0.00000000 0.00000000 0.00000000 0.00000000 0.00000000 0.00000000 0.00000000 0.00000000 0.00000000 0.00000000 0.00000000 0.00000000 0.00000000 0.00000000 0.00000000 0.00000000 0.00000000 0.00000000 0.00000000 0.00000000 0.00000000 5.41834388 0.85095638 1.14149705 0.06622174 -0.12618222 -1.43532158 0.68617834 0.56759018 1.08386641 0.58850498 -0.01826164 -1.76878008 0.59795462 0.70114178 -1.46268199
0.00000000 0.00000000 0.00000000 0.00000000 0.00000000 0.00000000 0.00000000 0.00000000 0.00000000 0.00000000 0.00000000 0.00000000 0.00000000 0.00000000 0.00000000 0.00000000 0.00000000 0.00000000 0.00000000 0.00000000 0.00000000 0.00000000 0.00000000 0.00000000 0.00000000 0.00000000 0.00000000 0.00000000 0.00000000 0.00000000 0.00000000 0.00000000 0.00000000 0.00000000 0.00000000 0.00000000 -0.63945013 -1.05781248 -0.14554819 -1.53145984 1.97695262 -1.70558242 0.79937091 1.48974236 -1.75718575 -0.08361611 -0.23508948 1.90762849 1.84467216 0.33441979
0.00000000 0.00000000 0.00000000 0.00000000 0.00000000 0.00000000 0.00000000 0.00000000 0.00000000 0.00000000 0.00000000 0.00000000 0.00000000 0.00000000 0.00000000 0.00000000 0.00000000 0.00000000 0.00000000 0.00000000 0.00000000 0.00000000 0.00000000 0.00000000 0.00000000 0.00000000 0.00000000 0.00000000 0.00000000 0.00000000 0.00000000 0.00000000 0.00000000 0.00000000 0.00000000 0.00000000 0.00000000 -7.06138001 0.99949702 1.46842479 -1.57211005 -1.55577719 0.56156202 1.62839076 0.84006499 1.65165843 -1.34083037 0.00000000 -0.90039136 -1.24388357
0.00000000 0.00000000 0.00000000 0.00000000 0.00000000 0.00000000 0.00000000 0.00000000 0.00000000 0.00000000 0.00000000 0.00000000 0.00000000 0.00000000 0.00000000 0.00000000 0.00000000 0.00000000 0.00000000 0.00000000 0.00000000 0.00000000 0.00000000 0.00000000 0.00000000 0.00000000 0.00000000 0.00000000 0.00000000 0.00000000 0.00000000 0.00000000 0.00000000 0.00000000 0.00000000 0.00000000 0.00000000 0.00000000 2.29347984 0.15920628 1.82577397 -1.19914211 -0.21593568 -0.13095860 0.18564659 -0.80138443 -0.21429307 -1.99780019 -1.98834365 0.10473017
0.00000000 0.00000000 0.00000000 0.00000000 0.00000000 0.00000000 0.00000000 0.00000000 0.00000000 0.00000000 0.00000000 0.00000000 0.00000000 0.00000000 0.00000000 0.00000000 0.00000000 0.00000000 0.00000000 0.00000000 0.00000000 0.00000000 0.00000000 0.00000000 0.00000000 0.00000000 0.00000000 0.00000000 0.00000000 0.00000000 0.00000000 0.00000000 0.00000000 0.00000000 0.00000000 0.00000000 0.00000000 0.00000000 0.00000000 2.43195846 -1.58067513 0.43963991 -0.35677045 -0.27489394 -0.81016251 1.45102006 -0.62396141 1.45919636 -1.73572518 0.53136919
0.00000000 0.00000000 0.00000000 0.00000000 0.00000000 0.00000000 0.00000000 0.00000000 0.00000000 0.00000000 0.00000000 0.00000000 0.00000000 0.00000000 0.00000000 0.00000000 0.00000000 0.00000000 0.00000000 0.00000000 0.00000000 0.00000000 0.00000000 0.00000000 0.00000000 0.00000000 0.00000000 0.00000000 0.00000000 0.00000000 0.00000000 0.00000000 0.00000000 0.00000000 0.00000000 0.00000000 0.00000000 0.00000000 0.00000000 0.00000000 3.39959730 -1.26012426 0.00000000 1.69972083 -1.82346629 1.32982857 0.00000000 1.06740777 -0.40661429 -1.74325705
0.00000000 0.00000000 0.00000000 0.00000000 0.00000000 0.00000000 0.00000000 0.00000000 0.00000000 0.00000000 0.00000000 0.00000000 0.00000000 0.00000000 0.00000000 0.00000000 0.00000000 0.00000000 0.00000000 0.00000000 0.00000000 0.00000000 0.00000000 0.00000000 0.00000000 0.00000000 0.00000000 0.00000000 0.00000000 0.00000000 0.00000000 0.00000000 0.00000000 0.00000000 0.00000000 0.00000000 0.00000000 0.00000000 0.00000000 0.00000000 0.00000000 -3.32968418 0.82887641 0.90016353 1.16546165 0.71543549 1.28512584 -0.40951066 0.59228221 1.61323836
0.00000000 0.00000000 0.00000000 0.00000000 0.00000000 0.00000000 0.00000000 0.00000000 0.00000000 0.00000000 0.00000000 0.00000000 0.00000000 0.00000000 0.00000000 0.00000000 0.00000000 0.00000000 0.00000000 0.00000000 0.00000000 0.00000000 0.00000000 0.00000000 0.00000000 0.00000000 0.00000000 0.00000000 0.00000000 0.00000000 0.00000000 0.00000000 0.00000000 0.00000000 0.00000000 0.00000000 0.00000000 0.00000000 0.00000000 0.00000000 0.00000000 0.00000000 1.97384487 -0.83231137 -1.09251127 -0.78680336 -1.92854630 1.36597705 -1.30099180 -1.96581569
0.00000000 0.00000000 0.00000000 0.00000000 0.00000000 0.00000000 0.00000000 0.00000000 0.00000000 0.00000000 0.00000000 0.00000000 0.00000000 0.00000000 0.00000000 0.00000000 0.00000000 0.00000000 0.00000000 0.00000000 0.00000000 0.00000000 0.00000000 0.00000000 0.00000000 0.00000000 0.00000000 0.00000000 0.00000000 0.00000000 0.00000000 0.00000000 0.00000000 0.00000000 0.00000000 0.00000000 0.00000000 0.00000000 0.00000000 0.00000000 0.00000000 0.00000000 0.00000000 -4.40706386 -0.95135143 -0.12005621 1.60998559 -0.59606293 0.00000000 1.46010968
0.00000000 0.00000000 0.00000000 0.00000000 0.00000000 0.00000000 0.00000000 0.00000000 0.00000000 0.00000000 0.00000000 0.00000000 0.00000000 0.00000000 0.00000000 0.00000000 0.00000000 0.00000000 0.00000000 0.00000000 0.00000000 0.00000000 0.00000000 0.00000000 0.00000000 0.00000000 0.00000000 0.00000000 0.00000000 0.00000000 0.00000000 0.00000000 0.00000000 0.00000000 0.00000000 0.00000000 0.00000000 0.00000000 0.00000000 0.00000000 0.00000000 0.00000000 0.00000000 0.00000000 4.57961781 1.72206339 1.95203859 0.34300896 0.62712967 0.20938455
0.00000000 0.00000000 0.00000000 0.00000000 0.00000000 0.00000000 0.00000000 0.00000000 0.00000000 0.00000000 0.00000000 0.00000000 0.00000000 0.00000000 0.00000000 0.00000000 0.00000000 0.00000000 0.00000000 0.00000000 0.00000000 0.00000000 0.00000000 0.00000000 0.00000000 0.00000000 0.00000000 0.00000000 0.00000000 0.00000000 0.00000000 0.00000000 0.00000000 0.00000000 0.00000000 0.00000000 0.00000000 0.00000000 0.00000000 0.00000000 0.00000000 0.00000000 0.00000000 0.00000000 0.00000000 -5.88386991 1.15426771 0.74996651 -1.58546718 -0.35949268
0.00000000 0.00000000 0.00000000 0.00000000 0.00000000 0.00000000 0.00000000 0.00000000 0.00000000 0.00000000 0.00000000 0.00000000 0.00000000 0.00000000 0.00000000 0.00000000 0.00000000 0.00000000 0.00000000 0.00000000 0.00000000 0.00000000 0.00000000 0.00000000 0.00000000 0.00000000 0.00000000 0.00000000 0.00000000 0.00000000 0.00000000 0.00000000 0.00000000 0.00000000 0.00000000 0.00000000 0.00000000 0.00000000 0.00000000 0.00000000 0.00000000 0.00000000 0.00000000 0.00000000 0.00000000 0.00000000 -0.13600599 1.41388189 -0.31496139 1.15425872
0.00000000 0.00000000 0.00000000 0.00000000 0.00000000 0.00000000 0.00000000 0.00000000 0.00000000 0.00000000 0.00000000 0.00000000 0.00000000 0.00000000 0.00000000 0.00000000 0.00000000 0.00000000 0.00000000 0.00000000 0.00000000 0.00000000 0.00000000 0.00000000 0.00000000 0.00000000 0.00000000 0.00000000 0.00000000 0.00000000 0.00000000 0.00000000 0.00000000 0.00000000 0.00000000 0.00000000 0.00000000 0.00000000 0.00000000 0.00000000 0.00000000 0.00000000 0.00000000 0.00000000 0.00000000 0.00000000 0.00000000 -6.38249111 1.37836555 1.08980012
0.00000000 0.00000000 0.00000000 0.00000000 0.00000000 0.00000000 0.00000000 0.00000000 0.00000000 0.00000000 0.00000000 0.00000000 0.00000000 0.00000000 0.00000000 0.00000000 0.00000000 0.00000000 0.00000000 0.00000000 0.00000000 0.00000000 0.00000000 0.00000000 0.00000000 0.00000000 0.00000000 0.00000000 0.00000000 0.00000000 0.00000000 0.00000000 0.00000000 0.00000000 0.00000000 0.00000000 0.00000000 0.00000000 0.00000000 0.00000000 0.00000000 0.00000000 0.00000000 0.00000000 0.00000000 0.00000000 0.00000000 0.00000000 1.36127609 0.90901027
0.00000000 0.00000000 0.00000000 0.00000000 0.00000000 0.00000000 0.00000000 0.00000000 0.00000000 0.00000000 0.00000000 0.00000000 0.00000000 0.00000000 0.00000000 0.00000000 0.00000000 0.00000000 0.00000000 0.00000000 0.00000000 0.00000000 0.00000000 0.00000000 0.00000000 0.00000000 0.00000000 0.00000000 0.00000000 0.00000000 0.00000000 0.00000000 0.00000000 0.00000000 0.00000000 0.00000000 0.00000000 0.00000000 0.00000000 0.00000000 0.00000000 0.00000000 0.00000000 0.00000000 0.00000000 0.00000000 0.00000000 0.00000000 0.00000000 -5.38568202
