-0.52356343 1.37768741 1.03181761 -0.31771368 -0.96433300 0.04509889 -0.38026345 1.13519436 -0.78674910 -0.09361218
0.00000000 -2.31373455 0.33352816 1.63245154 0.01874742 -0.87264862 1.02321682 0.47347599 -0.99797463 1.63898502
0.00000000 0.00000000 -3.95064542 0.00000000 1.93114190 1.24086894 1.60866380 -0.75940972 0.91932699 1.59535315
0.00000000 0.00000000 0.00000000 -0.26114226 0.73593573 -0.11142914 -1.59719517 -0.26331266 0.44354789 0.00000000
0.00000000 0.00000000 0.00000000 0.00000000 -2.82560490 1.65204421 1.86642547 -0.09196089 1.46123971 -0.95803076
0.00000000 0.00000000 0.00000000 0.00000000 0.00000000 -1.15191418 1.22011131 0.19479722 -1.94383320 0.87881875
0.00000000 0.00000000 0.00000000 0.00000000 0.00000000 0.00000000 -2.65412283 -0.40470583 1.29937991 0.67261280
0.00000000 0.00000000 0.00000000 0.00000000 0.00000000 0.00000000 0.00000000 0.86851940 -1.99542872 -0.02568853
0.00000000 0.00000000 0.00000000 0.00000000 0.00000000 0.00000000 0.00000000 0.00000000 0.06504002 1.47041110
0.00000000 0.00000000 0.00000000 0.00000000 0.00000000 0.00000000 0.00000000 0.00000000 0.00000000 -2.58942468
