-3.22761586 1.62255870 0.74501663 1.06603703 1.61846495 -0.96069021 0.54290348 1.61978278 1.48852150 0.29176268 -1.32248765 -0.35390775 0.00000000 1.97535205 -1.58700880 0.00000000 -0.72344340 1.80015643 -0.20239698 -1.16538971
0.00000000 3.46862058 -0.73238407 1.63454338 -0.65772476 -0.29051283 0.51073535 1.22234028 -0.03154566 -1.67413607 0.29283977 -1.85961139 -1.62190011 -1.23864984 0.77375289 -0.86611032 0.76099924 -1.34660221 -1.52921245 -1.90662109
0.00000000 0.00000000 1.62295571 0.82313485 1.43645057 -1.12133755 -1.04972252 -1.94807965 0.57943379 -0.79701569 -1.45251078 0.58749423 0.39893421 -0.21044579 -1.38794685 0.55468265 0.22275725 -0.26839593 -1.34131365 1.71533688
0.00000000 0.00000000 0.00000000 -4.73233111 0.00000000 1.45268223 0.75921151 1.98400935 0.32144595 -0.62089022 -1.53460613 0.00000000 0.43074280 0.07795305 -0.25425159 1.97053940 1.35793019 -1.54067422 1.53685466 0.00000000
0.00000000 0.00000000 0.00000000 0.00000000 0.82943455 -1.99200079 0.60586491 -0.73869310 0.91913981 1.81014444 0.12139415 1.05167326 -1.78256211 0.66937936 -1.52981660 -0.17910535 -0.66589221 -1.70759080 0.98895490 -1.62694972
0.00000000 0.00000000 0.00000000 0.00000000 0.00000000 7.89334473 -0.97075401 -1.65632725 0.64911523 -0.79596419 -1.82271580 -1.89142209 -1.12145610 0.02656083 -1.95138642 -1.90485960 0.66628870 0.10919380 -1.45947686 -0.75162655
0.00000000 0.00000000 0.00000000 0.00000000 0.00000000 0.00000000 3.87696546 -1.49585946 -0.89983692 -0.44784239 -1.12799221 -1.20985932 -1.09442261 -0.79432574 0.22008831 1.54471356 0.59187711 -0.20592521 -1.98703420 -1.24575058
0.00000000 0.00000000 0.00000000 0.00000000 0.00000000 0.00000000 0.00000000 0.13789208 0.53682483 -0.37972716 1.38834322 1.63531544 -0.81407055 -0.54203371 -0.80711686 0.00000000 0.70582976 -1.60528976 -0.89510181 1.51406948
0.00000000 0.00000000 0.00000000 0.00000000 0.00000000 0.00000000 0.00000000 0.00000000 -2.87283904 -0.50705913 1.87972827 -0.41639000 1.34768736 -0.14992181 -1.60250711 0.31059800 0.00000000 -1.15478096 1.67160791 0.80361702
0.00000000 0.00000000 0.00000000 0.00000000 0.00000000 0.00000000 0.00000000 0.00000000 0.00000000 0.36178252 0.11706820 1.69033244 0.00000000 0.18829008 1.86680005 0.85932112 -1.28415813 -0.82395185 1.38391527 -1.60045448
0.00000000 0.00000000 0.00000000 0.00000000 0.00000000 0.00000000 0.00000000 0.00000000 0.00000000 0.00000000 1.48440021 1.92618167 -1.83505195 0.99884412 0.47307592 -0.37564130 0.40500129 0.32904544 -0.56114969 -0.86816697
0.00000000 0.00000000 0.00000000 0.00000000 0.00000000 0.00000000 0.00000000 0.00000000 0.00000000 0.00000000 0.00000000 -0.52215264 -1.80047697 0.62016908 1.52223178 -0.49619305 1.43204586 -0.41073968 0.00000000 -0.98253822
0.00000000 0.00000000 0.00000000 0.00000000 0.00000000 0.00000000 0.00000000 0.00000000 0.00000000 0.00000000 0.00000000 0.00000000 2.79294262 1.20270746 1.70580895 -1.63318263 1.48523875 -0.72341561 1.09780232 -0.82826845
0.00000000 0.00000000 0.00000000 0.00000000 0.00000000 0.00000000 0.00000000 0.00000000 0.00000000 0.00000000 0.00000000 0.00000000 0.00000000 0.96411242 1.96094855 -0.65339049 -1.17373819 -1.79046368 -1.46043521 -1.63502497
0.00000000 0.00000000 0.00000000 0.00000000 0.00000000 0.00000000 0.00000000 0.00000000 0.00000000 0.00000000 0.00000000 0.00000000 0.00000000 0.00000000 2.61990499 1.28001062 -1.91927294 -1.52819960 -1.04175185 -1.43326845
0.00000000 0.00000000 0.00000000 0.00000000 0.00000000 0.00000000 0.00000000 0.00000000 0.00000000 0.00000000 0.00000000 0.00000000 0.00000000 0.00000000 0.00000000 0.16722312 1.10239606 -1.97327870 0.72541095 -0.60035716
0.00000000 0.00000000 0.00000000 0.00000000 0.00000000 0.00000000 0.00000000 0.00000000 0.00000000 0.00000000 0.00000000 0.00000000 0.00000000 0.00000000 0.00000000 0.00000000 -0.28753659 -1.41337487 -1.08112093 0.10570966
0.00000000 0.00000000 0.00000000 0.00000000 0.00000000 0.00000000 0.00000000 0.00000000 0.00000000 0.00000000 0.00000000 0.00000000 0.00000000 0.00000000 0.00000000 0.00000000 0.00000000 7.85043220 -1.01122186 -0.43535516
0.00000000 0.00000000 0.00000000 0.00000000 0.00000000 0.00000000 0.00000000 0.00000000 0.00000000 0.00000000 0.00000000 0.00000000 0.00000000 0.00000000 0.00000000 0.00000000 0.00000000 0.00000000 2.80655673 -0.44744400
0.00000000 0.00000000 0.00000000 0.00000000 0.00000000 0.00000000 0.00000000 0.00000000 0.00000000 0.00000000 0.00000000 0.00000000 0.00000000 0.00000000 0.00000000 0.00000000 0.00000000 0.00000000 0.00000000 5.69424124
