-3.11402523 1.37768741 1.03181761 -0.31771368 -0.96433300 0.04509889 -0.38026345 1.13519436 -0.78674910 -0.09361218 0.33352816 1.63245154 0.01874742 -0.87264862 1.02321682 0.47347599 -0.99797463 1.63898502 0.00000000 1.93114190
0.00000000 -5.26733175 1.24086894 1.60866380 -0.75940972 0.91932699 1.59535315 0.73593573 -0.11142914 -1.59719517 -0.26331266 0.44354789 0.00000000 1.65204421 1.86642547 -0.09196089 1.46123971 -0.95803076 1.22011131 0.19479722
0.00000000 0.00000000 -1.52712632 -1.94383320 0.87881875 -0.40470583 1.29937991 0.67261280 -1.99542872 -0.02568853 1.47041110 -1.02435649 -0.69918255 1.48188493 -1.23573163 0.00000000 0.27004296 -1.04553629 1.87016100 1.21271788
0.00000000 0.00000000 0.00000000 -0.98946368 -0.20812171 -1.67821673 -0.71978158 0.03176257 1.73133530 -1.56376862 0.20506898 0.82624564 0.00000000 0.18976365 1.25786745 0.16113443 1.85535418 0.41274251 0.35046826 -0.22004389
0.00000000 0.00000000 0.00000000 0.00000000 -1.18840907 0.38514745 -0.46039542 0.30260406 -0.83868199 -1.24243469 -1.25308189 0.45109272 0.62663756 -0.09387603 -1.64070256 1.03041569 1.50708148 1.69352406 1.36984089 1.59269249
0.00000000 0.00000000 0.00000000 0.00000000 0.00000000 -3.87756364 1.69232976 0.16239970 -0.43481580 0.82113360 -0.89746351 1.24651483 1.39794386 1.58015587 0.35920473 0.00000000 1.79905949 0.31878004 -0.19774757 0.64098151
0.00000000 0.00000000 0.00000000 0.00000000 0.00000000 0.00000000 -3.45341518 1.98503136 1.66776487 1.17330034 -1.67050805 0.45113242 -0.05422319 0.52058936 1.38031030 -1.02785751 0.92595688 -1.53146283 -1.11815785 1.17833189
0.00000000 0.00000000 0.00000000 0.00000000 0.00000000 0.00000000 0.00000000 -1.24014211 -0.66985540 1.26365239 -1.59756992 -1.41456604 0.79068256 -1.81906373 0.29546415 1.64006406 0.13679187 0.72235653 -1.89321282 0.00000000
0.00000000 0.00000000 0.00000000 0.00000000 0.00000000 0.00000000 0.00000000 0.00000000 1.19255190 0.53999964 0.42535367 0.00000000 0.30381179 -0.43516236 -0.51944024 1.92206660 -1.85443185 -1.91345396 1.84412512 -1.26011223
0.00000000 0.00000000 0.00000000 0.00000000 0.00000000 0.00000000 0.00000000 0.00000000 0.00000000 3.15663019 -1.50441934 -1.15769396 1.20298636 1.74787663 -1.90886970 -0.29752467 -1.59399912 -0.96032044 0.00000000 -1.11668291
0.00000000 0.00000000 0.00000000 0.00000000 0.00000000 0.00000000 0.00000000 0.00000000 0.00000000 0.00000000 4.35786676 0.58770288 -0.59882413 -1.27872839 0.01454602 -1.84248517 -1.59631504 0.00000000 1.95294059 -1.20257684
0.00000000 0.00000000 0.00000000 0.00000000 0.00000000 0.00000000 0.00000000 0.00000000 0.00000000 0.00000000 0.00000000 -2.44829022 -0.56577879 0.92639322 1.35330626 1.67392825 -1.32230158 0.69056225 1.86619561 -1.76779622
0.00000000 0.00000000 0.00000000 0.00000000 0.00000000 0.00000000 0.00000000 0.00000000 0.00000000 0.00000000 0.00000000 0.00000000 -0.86850278 0.70480714 1.38169837 -0.63074984 -0.99725064 0.38716557 -0.23074387 -1.30072206
0.00000000 0.00000000 0.00000000 0.00000000 0.00000000 0.00000000 0.00000000 0.00000000 0.00000000 0.00000000 0.00000000 0.00000000 0.00000000 -1.40770067 -0.11349834 -0.36037842 0.27645096 0.03440052 -0.75421600 -0.57139327
0.00000000 0.00000000 0.00000000 0.00000000 0.00000000 0.00000000 0.00000000 0.00000000 0.00000000 0.00000000 0.00000000 0.00000000 0.00000000 0.00000000 -1.08015931 0.00000000 1.35064470 -0.99626934 0.24240088 -1.95025472
0.00000000 0.00000000 0.00000000 0.00000000 0.00000000 0.00000000 0.00000000 0.00000000 0.00000000 0.00000000 0.00000000 0.00000000 0.00000000 0.00000000 0.00000000 -0.13320543 0.96629751 -0.65633378 -1.81721403 -0.87646734
0.00000000 0.00000000 0.00000000 0.00000000 0.00000000 0.00000000 0.00000000 0.00000000 0.00000000 0.00000000 0.00000000 0.00000000 0.00000000 0.00000000 0.00000000 0.00000000 -1.18429407 -1.03947837 1.81251736 -0.59109775
0.00000000 0.00000000 0.00000000 0.00000000 0.00000000 0.00000000 0.00000000 0.00000000 0.00000000 0.00000000 0.00000000 0.00000000 0.00000000 0.00000000 0.00000000 0.00000000 0.00000000 2.30702640 -0.84848834 -0.56319521
0.00000000 0.00000000 0.00000000 0.00000000 0.00000000 0.00000000 0.00000000 0.00000000 0.00000000 0.00000000 0.00000000 0.00000000 0.00000000 0.00000000 0.00000000 0.00000000 0.00000000 0.00000000 -3.72830194 1.78762334
0.00000000 0.00000000 0.00000000 0.00000000 0.00000000 0.00000000 0.00000000 0.00000000 0.00000000 0.00000000 0.00000000 0.00000000 0.00000000 0.00000000 0.00000000 0.00000000 0.00000000 0.00000000 0.00000000 1.44102812
