1.14072870 0.15632626 -0.84321423 -1.87985237 0.61454302 -1.15996522 -0.97089210 -0.41120695 0.56631262 0.00000000 1.95524484 0.00000000 0.00000000 -0.15386796 1.97394003 1.97028798 -1.02929786 -1.70941955 -1.36039591 0.00000000
0.00000000 -3.16011085 1.36761093 0.39821892 1.66985066 1.88867643 0.61769528 0.14081913 -1.72947587 -1.90595975 1.22117715 0.68787886 1.05204697 0.26260987 0.69557504 0.55489128 1.58070260 -1.55299993 -0.02219832 -0.76322379
0.00000000 0.00000000 -1.31538350 1.31737969 1.50830794 -0.99187933 -1.67863008 -1.02710549 -0.74153998 1.07854012 -0.36109519 0.99959849 -0.79618123 0.09496995 -1.25452526 0.58153723 0.05241950 1.45064886 1.79385133 0.08007375
0.00000000 0.00000000 0.00000000 -1.13339400 -1.72697765 1.74908464 1.77937532 -0.10298479 -0.05739769 1.73014031 -0.98532499 -0.97760493 0.78091859 0.69991133 0.74423796 1.31204483 0.04967506 -0.31942527 -1.09797183 -1.14665915
0.00000000 0.00000000 0.00000000 0.00000000 -2.64902744 -0.52058676 -0.27304942 0.95857843 0.48012293 0.04293784 -0.47936551 0.50178727 -0.47088324 1.18921729 0.57524824 0.00000000 0.77887334 -0.50711151 0.07158882 0.88497317
0.00000000 0.00000000 0.00000000 0.00000000 0.00000000 1.35054676 1.82668398 0.11508527 -0.71685857 0.75710515 -1.52184600 -0.66155524 -1.86920069 0.21119728 -0.98466394 -0.43296484 1.15010973 0.54160859 -1.85211546 -0.22900854
0.00000000 0.00000000 0.00000000 0.00000000 0.00000000 0.00000000 -1.62124476 -1.97317254 1.29277356 -0.01404844 1.40164287 -0.94141798 1.29227172 -1.44563853 1.46968591 -0.44122787 -1.70698551 1.66050361 1.34691975 0.00000000
0.00000000 0.00000000 0.00000000 0.00000000 0.00000000 0.00000000 0.00000000 -0.79357799 -1.22550334 0.30979848 -0.09498546 -1.42899215 -0.29876596 1.89101011 -0.47727107 1.03541050 1.04110251 1.07716936 0.44897088 1.60919906
0.00000000 0.00000000 0.00000000 0.00000000 0.00000000 0.00000000 0.00000000 0.00000000 3.65641722 -0.63130167 -0.08551992 -0.20987500 -1.59636383 -0.04365656 1.04947923 0.29653492 -1.29048469 -1.02921083 -0.06372626 -1.57714348
0.00000000 0.00000000 0.00000000 0.00000000 0.00000000 0.00000000 0.00000000 0.00000000 0.00000000 1.57481266 -1.19734283 0.95694581 -1.57382994 -1.54250481 -1.36517886 0.07085974 -1.91471279 0.74636688 0.26534105 1.03721839
0.00000000 0.00000000 0.00000000 0.00000000 0.00000000 0.00000000 0.00000000 0.00000000 0.00000000 0.00000000 -0.11403913 1.10094919 0.89436246 0.06985040 -0.78371369 0.39108358 -1.40135510 -1.08614692 0.79979690 0.39066648
0.00000000 0.00000000 0.00000000 0.00000000 0.00000000 0.00000000 0.00000000 0.00000000 0.00000000 0.00000000 0.00000000 2.43863779 -1.44967925 -0.22798973 0.39400419 -1.10967871 0.59642075 -1.42665648 -1.34145417 -0.33995652
0.00000000 0.00000000 0.00000000 0.00000000 0.00000000 0.00000000 0.00000000 0.00000000 0.00000000 0.00000000 0.00000000 0.00000000 0.74451041 -0.84858325 0.87690398 -0.34223417 -0.84189457 1.27426772 1.33755098 1.09027289
0.00000000 0.00000000 0.00000000 0.00000000 0.00000000 0.00000000 0.00000000 0.00000000 0.00000000 0.00000000 0.00000000 0.00000000 0.00000000 2.33876164 -1.51899831 -0.91208288 -1.60760091 0.97782420 -0.14487491 -1.62831585
0.00000000 0.00000000 0.00000000 0.00000000 0.00000000 0.00000000 0.00000000 0.00000000 0.00000000 0.00000000 0.00000000 0.00000000 0.00000000 0.00000000 -0.51665894 1.74397722 -1.69710436 -1.82033531 1.60071098 -0.18865408
0.00000000 0.00000000 0.00000000 0.00000000 0.00000000 0.00000000 0.00000000 0.00000000 0.00000000 0.00000000 0.00000000 0.00000000 0.00000000 0.00000000 0.00000000 -2.48143326 1.42034346 0.35369051 -1.45389878 -0.07570748
0.00000000 0.00000000 0.00000000 0.00000000 0.00000000 0.00000000 0.00000000 0.00000000 0.00000000 0.00000000 0.00000000 0.00000000 0.00000000 0.00000000 0.00000000 0.00000000 2.29762775 1.04558627 -1.92993386 1.10888094
0.00000000 0.00000000 0.00000000 0.00000000 0.00000000 0.00000000 0.00000000 0.00000000 0.00000000 0.00000000 0.00000000 0.00000000 0.00000000 0.00000000 0.00000000 0.00000000 0.00000000 0.43361819 -0.59776583 0.05416925
0.00000000 0.00000000 0.00000000 0.00000000 0.00000000 0.00000000 0.00000000 0.00000000 0.00000000 0.00000000 0.00000000 0.00000000 0.00000000 0.00000000 0.00000000 0.00000000 0.00000000 0.00000000 1.45748851 -0.71537236
0.00000000 0.00000000 0.00000000 0.00000000 0.00000000 0.00000000 0.00000000 0.00000000 0.00000000 0.00000000 0.00000000 0.00000000 0.00000000 0.00000000 0.00000000 0.00000000 0.00000000 0.00000000 0.00000000 0.20429366
