-1.34484033 0.28561038 -0.28444378 0.31236520 -1.17560707 1.25328501 1.29435549 0.61389014 -1.35908177 0.08267744 -0.68890875 -1.00001329 0.00000000 0.00000000 1.81126764 1.98622797 -1.82177447 1.44064415 0.41276244 -0.47357606
0.00000000 -0.18553109 -0.86552713 0.69985939 -0.17267540 0.74344594 0.64738528 0.00000000 0.00000000 -1.46808742 1.07135126 1.92965300 1.87755264 0.45330728 -1.82295747 -1.98377942 -1.46410989 1.76400909 -0.78855775 -0.53541759
0.00000000 0.00000000 1.51004672 1.59278498 -0.74254478 0.19592874 -0.25587617 -1.74002330 0.33818490 1.37627159 -1.37432433 -1.10280413 -0.34851917 -1.85230052 -0.01358601 1.27193146 0.63156376 0.13393494 1.42050296 -1.40124746
0.00000000 0.00000000 0.00000000 1.23359564 0.26894191 -0.50330073 0.40521819 -1.54833719 1.10205080 -1.61357667 -1.33454502 1.22979901 1.79077570 -0.26707399 -0.34367667 -1.01807250 -0.90118643 0.46901108 -1.28615836 -1.52206998
0.00000000 0.00000000 0.00000000 0.00000000 2.69119884 -0.17706057 -1.34024877 0.59489932 1.28422270 1.11004556 -0.07946644 -0.60971498 -0.26115780 -1.97996570 0.85029280 -0.67337111 -0.72230705 -1.68029987 -0.20777630 0.33139587
0.00000000 0.00000000 0.00000000 0.00000000 0.00000000 -1.06234413 -0.43765223 1.47818218 0.69341287 -1.03436703 0.10141540 1.64213527 0.08043878 0.40841947 -1.74890550 -0.04245553 -0.15423495 -0.39548048 -0.31825857 0.33974020
0.00000000 0.00000000 0.00000000 0.00000000 0.00000000 0.00000000 3.37052708 0.00000000 0.15466819 -0.04041696 -1.33681424 -0.23461273 1.87471279 -0.33930523 -1.85872868 -1.98867829 0.00000000 0.14167381 -1.79770823 -1.62902638
0.00000000 0.00000000 0.00000000 0.00000000 0.00000000 0.00000000 0.00000000 -0.95783877 -1.56497435 -0.18368668 1.97075226 -0.05977860 -0.16543886 -0.25395674 0.00444874 -0.21165012 0.90486080 1.59176614 0.79148139 -0.30675759
0.00000000 0.00000000 0.00000000 0.00000000 0.00000000 0.00000000 0.00000000 0.00000000 -1.91557446 0.59811647 1.63816239 -1.38549063 -1.05063017 0.47644800 0.00000000 0.74807978 0.57040089 0.35411425 1.31769278 -0.08422819
0.00000000 0.00000000 0.00000000 0.00000000 0.00000000 0.00000000 0.00000000 0.00000000 0.00000000 -2.67429890 1.23035545 1.84942339 0.00000000 0.00000000 -0.25857327 1.43538231 0.87296952 1.55472598 -1.81505646 1.65239458
0.00000000 0.00000000 0.00000000 0.00000000 0.00000000 0.00000000 0.00000000 0.00000000 0.00000000 0.00000000 -3.24300867 1.06735414 1.84951571 1.92527744 -0.85805708 0.68000527 0.00000000 -1.43490588 0.38053105 1.67831870
0.00000000 0.00000000 0.00000000 0.00000000 0.00000000 0.00000000 0.00000000 0.00000000 0.00000000 0.00000000 0.00000000 0.32266560 -1.23210672 -0.60052525 -1.68101729 -1.22137474 -1.16918933 -1.61599628 1.99879215 1.55013582
0.00000000 0.00000000 0.00000000 0.00000000 0.00000000 0.00000000 0.00000000 0.00000000 0.00000000 0.00000000 0.00000000 0.00000000 -3.34403908 -0.14496011 0.97480979 0.78094717 0.08981844 -0.30605282 0.65629330 0.22207949
0.00000000 0.00000000 0.00000000 0.00000000 0.00000000 0.00000000 0.00000000 0.00000000 0.00000000 0.00000000 0.00000000 0.00000000 0.00000000 1.67936211 -0.93644069 -0.54269781 0.50906705 0.50851557 -1.16162496 0.43909196
0.00000000 0.00000000 0.00000000 0.00000000 0.00000000 0.00000000 0.00000000 0.00000000 0.00000000 0.00000000 0.00000000 0.00000000 0.00000000 0.00000000 2.15612128 1.49971504 1.48534980 0.60905323 -1.71930931 -0.30592764
0.00000000 0.00000000 0.00000000 0.00000000 0.00000000 0.00000000 0.00000000 0.00000000 0.00000000 0.00000000 0.00000000 0.00000000 0.00000000 0.00000000 0.00000000 1.92820740 -1.64391086 -1.77900081 -0.98120766 -0.17250495
0.00000000 0.00000000 0.00000000 0.00000000 0.00000000 0.00000000 0.00000000 0.00000000 0.00000000 0.00000000 0.00000000 0.00000000 0.00000000 0.00000000 0.00000000 0.00000000 1.06489007 1.03759802 0.51536616 -0.87006159
0.00000000 0.00000000 0.00000000 0.00000000 0.00000000 0.00000000 0.00000000 0.00000000 0.00000000 0.00000000 0.00000000 0.00000000 0.00000000 0.00000000 0.00000000 0.00000000 0.00000000 -1.59980711 0.78027625 0.02602784
0.00000000 0.00000000 0.00000000 0.00000000 0.00000000 0.00000000 0.00000000 0.00000000 0.00000000 0.00000000 0.00000000 0.00000000 0.00000000 0.00000000 0.00000000 0.00000000 0.00000000 0.00000000 0.88592032 0.03011846
0.00000000 0.00000000 0.00000000 0.00000000 0.00000000 0.00000000 0.00000000 0.00000000 0.00000000 0.00000000 0.00000000 0.00000000 0.00000000 0.00000000 0.00000000 0.00000000 0.00000000 0.00000000 0.00000000 0.51575725
