-0.51152551 0.28561038 -0.28444378 0.31236520 -1.17560707 1.25328501 1.29435549 0.61389014 -1.35908177 0.08267744
0.00000000 -1.00652681 -0.68890875 -1.00001329 0.00000000 0.00000000 1.81126764 1.98622797 -1.82177447 1.44064415
0.00000000 0.00000000 -0.00916097 0.41276244 -0.47357606 -0.86552713 0.69985939 -0.17267540 0.74344594 0.64738528
0.00000000 0.00000000 0.00000000 -1.56779191 0.00000000 0.00000000 -1.46808742 1.07135126 1.92965300 1.87755264
0.00000000 0.00000000 0.00000000 0.00000000 2.35135677 0.45330728 -1.82295747 -1.98377942 -1.46410989 1.76400909
0.00000000 0.00000000 0.00000000 0.00000000 0.00000000 -0.18366501 -0.78855775 -0.53541759 1.59278498 -0.74254478
0.00000000 0.00000000 0.00000000 0.00000000 0.00000000 0.00000000 1.03704543 0.19592874 -0.25587617 -1.74002330
0.00000000 0.00000000 0.00000000 0.00000000 0.00000000 0.00000000 0.00000000 -1.44499109 0.33818490 1.37627159
0.00000000 0.00000000 0.00000000 0.00000000 0.00000000 0.00000000 0.00000000 0.00000000 0.83554891 -1.37432433
0.00000000 0.00000000 0.00000000 0.00000000 0.00000000 0.00000000 0.00000000 0.00000000 0.00000000 -1.66582389
