-1.01513884 0.15632626 -0.84321423 -1.87985237 0.61454302 -1.15996522 -0.97089210 -0.41120695 0.56631262 0.00000000 1.95524484 0.00000000 0.00000000 -0.15386796 1.97394003 1.97028798 -1.02929786 -1.70941955 -1.36039591 0.00000000 1.36761093 0.39821892 1.66985066 1.88867643 0.61769528 0.14081913 -1.72947587 -1.90595975 1.22117715 0.68787886 1.05204697 0.26260987 0.69557504 0.55489128 1.58070260 -1.55299993 -0.02219832 -0.76322379 1.31737969 1.50830794 -0.99187933 -1.67863008 -1.02710549 -0.74153998 1.07854012 -0.36109519 0.99959849 -0.79618123 0.09496995 -1.25452526
0.00000000 -4.09646516 0.58153723 0.05241950 1.45064886 1.79385133 0.08007375 -1.72697765 1.74908464 1.77937532 -0.10298479 -0.05739769 1.73014031 -0.98532499 -0.97760493 0.78091859 0.69991133 0.74423796 1.31204483 0.04967506 -0.31942527 -1.09797183 -1.14665915 -0.52058676 -0.27304942 0.95857843 0.48012293 0.04293784 -0.47936551 0.50178727 -0.47088324 1.18921729 0.57524824 0.00000000 0.77887334 -0.50711151 0.07158882 0.88497317 1.82668398 0.11508527 -0.71685857 0.75710515 -1.52184600 -0.66155524 -1.86920069 0.21119728 -0.98466394 -0.43296484 1.15010973 0.54160859
0.00000000 0.00000000 3.62483770 -1.85211546 -0.22900854 -1.97317254 1.29277356 -0.01404844 1.40164287 -0.94141798 1.29227172 -1.44563853 1.46968591 -0.44122787 -1.70698551 1.66050361 1.34691975 0.00000000 -1.22550334 0.30979848 -0.09498546 -1.42899215 -0.29876596 1.89101011 -0.47727107 1.03541050 1.04110251 1.07716936 0.44897088 1.60919906 -0.63130167 -0.08551992 -0.20987500 -1.59636383 -0.04365656 1.04947923 0.29653492 -1.29048469 -1.02921083 -0.06372626 -1.57714348 -1.19734283 0.95694581 -1.57382994 -1.54250481 -1.36517886 0.07085974 -1.91471279 0.74636688 0.26534105
0.00000000 0.00000000 0.00000000 5.30550254 1.03721839 1.10094919 0.89436246 0.06985040 -0.78371369 0.39108358 -1.40135510 -1.08614692 0.79979690 0.39066648 -1.44967925 -0.22798973 0.39400419 -1.10967871 0.59642075 -1.42665648 -1.34145417 -0.33995652 -0.84858325 0.87690398 -0.34223417 -0.84189457 1.27426772 1.33755098 1.09027289 -1.51899831 -0.91208288 -1.60760091 0.97782420 -0.14487491 -1.62831585 1.74397722 -1.69710436 -1.82033531 1.60071098 -0.18865408 1.42034346 0.35369051 -1.45389878 -0.07570748 1.04558627 -1.92993386 1.10888094 -0.59776583 0.05416925 -0.71537236
0.00000000 0.00000000 0.00000000 0.00000000 3.81855723 1.15391528 -0.06543587 -0.19316404 -1.74830356 0.91228733 -1.30652365 0.41607826 -1.97992265 -1.56781947 0.50941390 -0.86653620 0.38428528 0.76635125 -0.58311267 0.13428274 -0.44196268 -1.82524462 1.37881708 0.12255698 1.47167631 0.55838605 0.52167860 -1.55510694 0.48356392 -0.27533471 -0.89335737 -1.54864987 -1.28271272 -1.71956870 0.64177398 -0.30080981 -1.48883192 0.26637052 1.50627370 1.70909898 -1.68834707 0.48385253 0.45776961 -0.08238801 -0.50858709 0.00000000 -0.13143707 -0.62872333 -0.43073926 -1.27632923
0.00000000 0.00000000 0.00000000 0.00000000 0.00000000 -4.62342913 0.77388423 1.41536293 1.87599964 -0.50510706 -1.06567918 -0.98588061 -1.91666622 0.67535880 -1.42280796 0.00426532 1.45789652 0.80876140 0.51928360 1.06749794 0.43921283 1.29788241 0.44343898 -1.09592611 -1.71873606 1.75072088 -1.54762646 0.12856948 1.50488045 1.35437557 1.02473951 -1.81123875 -1.87348851 0.08588107 -1.60364450 -1.10892117 0.00000000 -0.97918069 1.19402697 1.25459258 1.19241688 1.52122831 1.50177524 -1.27135017 1.99256001 -0.61301117 0.82738558 1.15414825 -1.08618831 1.67058777
0.00000000 0.00000000 0.00000000 0.00000000 0.00000000 0.00000000 6.08975087 0.47789285 0.77064557 -0.52164210 0.92976262 -1.20734663 -0.66797719 0.82799374 1.47357550 0.27171372 0.28400047 -1.71720352 -0.08930647 -1.17816309 -0.82167605 0.00000000 -0.40582968 -0.00646282 -0.70711644 0.85035852 -1.52824907 -1.84508666 0.83686472 -0.10264330 1.92556351 0.44902167 0.29694485 0.29436762 -1.59599997 0.53396665 -0.32343950 -1.44800398 -1.30822655 -1.98478417 -0.81581812 -0.43599027 0.13229193 1.42469440 -1.75102485 -1.43659909 -1.85359865 -0.09708493 -0.18762970 -1.92702333
0.00000000 0.00000000 0.00000000 0.00000000 0.00000000 0.00000000 0.00000000 1.14308290 -0.72628180 -0.97945144 -1.33348916 -0.30472201 -1.67755309 0.00000000 -1.36027910 -0.93939962 -0.79762246 -0.20288460 -0.55138939 0.66441646 -0.78213379 -0.34245547 -1.49465520 1.85363111 1.36525833 -1.54688372 1.15831531 0.00000000 0.57316172 1.44494937 1.66329540 1.19951251 1.13143674 -0.18798713 -0.39926625 0.24813058 0.58261329 -0.37058373 1.88527402 -0.05160054 -0.41661392 1.09179466 -0.00397273 -0.34129530 -0.58354605 0.93862877 -1.09625319 1.04954414 -0.74180350 -1.52171409
0.00000000 0.00000000 0.00000000 0.00000000 0.00000000 0.00000000 0.00000000 0.00000000 2.80843228 -1.57291527 -0.44258837 0.70324199 1.38147744 -1.93945533 1.61531419 0.20545371 -1.70762701 -0.26212436 -1.26770687 1.77485710 -0.38774743 -1.50919092 -1.77598531 -0.59497751 -1.32703492 -0.02093201 0.11746814 0.65368355 -0.27171320 -0.45220535 -0.11470057 -0.10089417 -1.65750798 -1.43112103 -1.65845055 0.94365689 0.91720020 0.00000000 -1.69377681 -1.13661391 1.75903742 0.92696795 -1.96055812 -0.25075895 1.66510318 0.88436245 -0.68542175 1.31603864 0.63589401 0.00000000
0.00000000 0.00000000 0.00000000 0.00000000 0.00000000 0.00000000 0.00000000 0.00000000 0.00000000 0.41182092 1.83203587 1.28319641 -1.66733592 0.01956536 0.93961066 1.37516374 1.12362526 1.14972905 -1.10108994 0.00000000 -0.22460153 -1.09597280 1.72266602 1.95565220 -0.47615307 -0.57961819 -0.94265318 -1.53401214 -1.76942234 -1.62057595 1.79978454 0.80810119 -0.89779303 1.86151840 0.00000000 -1.76189421 0.00000000 1.62380007 -1.74863539 -0.76451275 -1.89938491 -0.23673428 0.68235107 1.42829953 0.45944218 -1.87923086 -0.08837795 1.72717675 0.60717317 -1.49674725
0.00000000 0.00000000 0.00000000 0.00000000 0.00000000 0.00000000 0.00000000 0.00000000 0.00000000 0.00000000 -7.34684726 1.91073312 -1.97848812 1.82897502 0.61141347 -0.85078021 0.76325491 0.96913736 1.31578567 1.77993097 0.59017851 1.59490252 -1.18443082 0.00000000 -1.41006443 0.45618256 1.14801110 1.19215018 -0.53610357 1.72502759 0.49348147 -1.54011721 1.50568343 0.30435794 -0.18687386 1.00758742 -1.44199391 -0.38913709 -0.75159639 1.76099867 1.86159067 -0.03253254 0.82762958 -0.48285704 -0.81765193 0.41415009 0.00000000 -0.67210287 1.68781314 0.86275429
0.00000000 0.00000000 0.00000000 0.00000000 0.00000000 0.00000000 0.00000000 0.00000000 0.00000000 0.00000000 0.00000000 -5.51391269 1.32962718 1.35158445 0.00000000 1.44980359 -1.97916322 -0.52333664 -0.71993117 0.00000000 -1.60036913 0.62725047 0.51663535 1.35183342 -0.90918589 1.52411883 0.04923939 0.00000000 1.44650192 1.89660804 1.20750126 1.19672613 -1.25625896 0.52424397 0.66662012 1.96051451 0.70255981 0.49758347 1.24641261 -0.60279087 1.85004703 -1.66119967 -1.99323341 -0.19047556 0.75328376 -1.09387762 1.77128560 -1.91880981 1.82696618 0.50339282
0.00000000 0.00000000 0.00000000 0.00000000 0.00000000 0.00000000 0.00000000 0.00000000 0.00000000 0.00000000 0.00000000 0.00000000 5.40974110 -0.11405977 0.43228471 0.52998871 -1.91062334 -0.01568924 1.43438064 0.19674959 -1.40039064 -1.36512026 0.12171613 0.15631476 -0.91495454 1.00247955 -0.32081397 -1.87679804 0.00000000 -0.56427097 -0.19838547 -0.87542242 0.00000000 -1.21998329 -0.92607082 -1.53412865 1.67957117 1.00354427 1.45140035 -0.23640496 1.23705116 1.61568222 0.52336843 -1.66276090 0.27180421 -1.49456910 -1.29041496 -1.63175073 -1.19926297 1.45327237
0.00000000 0.00000000 0.00000000 0.00000000 0.00000000 0.00000000 0.00000000 0.00000000 0.00000000 0.00000000 0.00000000 0.00000000 0.00000000 1.14594011 -1.21070094 1.80207176 -1.88669834 0.39087461 -1.12161726 1.97921205 -1.62817309 0.56789911 -0.79444152 -0.44736815 1.26376124 0.51279064 1.08375218 -0.02213853 -0.18938644 1.06060625 1.15755255 -1.85453512 -1.44491220 -0.63095156 -0.96129550 -1.61823941 -1.22222694 -1.24767625 -1.62158725 1.04972123 1.76629514 0.00000000 -1.21811689 1.27336087 1.53756775 0.76317356 -1.44675484 1.48050816 1.09974427 -0.40633987
0.00000000 0.00000000 0.00000000 0.00000000 0.00000000 0.00000000 0.00000000 0.00000000 0.00000000 0.00000000 0.00000000 0.00000000 0.00000000 0.00000000 -3.40860394 -1.92071070 0.08698200 0.72660584 -0.33458522 1.10591776 0.80708273 -1.62562858 0.68961183 1.69172764 -0.77464966 1.05605980 -0.13121603 0.85675946 1.64583194 -1.55897794 1.91937931 0.75833036 -1.82712441 0.06246145 0.00000000 1.39123363 0.31555306 1.15032402 0.48804542 -1.32984096 1.47845672 0.91356178 1.02130748 -1.39497623 -0.63204012 0.58530289 0.82593130 1.72048125 -0.64278903 -1.73469566
0.00000000 0.00000000 0.00000000 0.00000000 0.00000000 0.00000000 0.00000000 0.00000000 0.00000000 0.00000000 0.00000000 0.00000000 0.00000000 0.00000000 0.00000000 -3.70782097 -0.50060947 -1.08675830 1.33073806 0.64306723 0.33465671 0.75558087 -1.16629245 1.15457178 -0.10985028 1.83807772 0.56520144 0.24027250 -1.88713101 -1.98967902 -0.64683689 -0.07913084 -1.57979411 -0.72604030 -0.76944193 -1.09711161 0.00000000 0.66163099 -0.38911625 1.63587011 0.97802474 -0.41994164 0.00000000 -0.90960199 -0.30913000 0.67238207 0.99004468 1.32949718 1.50767441 1.20006327
0.00000000 0.00000000 0.00000000 0.00000000 0.00000000 0.00000000 0.00000000 0.00000000 0.00000000 0.00000000 0.00000000 0.00000000 0.00000000 0.00000000 0.00000000 0.00000000 6.16701740 -0.85558079 -0.09802627 0.26714342 0.67628807 0.00899181 -1.70322406 0.56914475 -0.98511815 -1.21825615 -1.94021334 -0.01448889 0.00000000 -1.52858067 -0.72705938 1.96010165 -1.97250442 -1.87907334 -1.07586372 0.38777001 0.07411115 1.83536058 -0.31232364 0.03981799 -1.23984800 0.70660503 0.60092209 -0.90688565 1.22220636 -0.02052206 -0.42321498 -0.02853442 -0.61972121 0.13730342
0.00000000 0.00000000 0.00000000 0.00000000 0.00000000 0.00000000 0.00000000 0.00000000 0.00000000 0.00000000 0.00000000 0.00000000 0.00000000 0.00000000 0.00000000 0.00000000 0.00000000 6.08618571 -1.07108571 -0.76643547 -1.94335212 -1.55089849 0.30067621 1.33587490 1.87169139 -0.94487787 0.67299975 1.72272364 1.07596531 -0.70397032 0.60427500 1.49326870 -0.62155279 0.85385067 -1.57768219 -1.19070486 1.78343844 0.42882716 -1.44214502 -1.91972025 -1.13774911 0.04428391 -0.83731314 0.72920719 -1.80679568 -1.82504327 -0.14703690 -0.51888390 -1.78870841 -1.36851996
0.00000000 0.00000000 0.00000000 0.00000000 0.00000000 0.00000000 0.00000000 0.00000000 0.00000000 0.00000000 0.00000000 0.00000000 0.00000000 0.00000000 0.00000000 0.00000000 0.00000000 0.00000000 5.12806648 -1.39853710 -0.97501999 1.79664897 1.73193375 0.12126635 -1.22942536 -0.07016247 0.38141785 -1.93129833 1.32460299 -0.71989007 -0.80316060 -1.49966782 0.44974316 -1.17569531 1.07057864 0.35320004 0.46262095 0.29627275 0.00000000 0.00000000 -1.72651891 -1.48012626 1.71886910 0.00000000 0.00000000 -0.81965521 -0.22729074 -1.06081957 -0.86609780 -0.96482527
0.00000000 0.00000000 0.00000000 0.00000000 0.00000000 0.00000000 0.00000000 0.00000000 0.00000000 0.00000000 0.00000000 0.00000000 0.00000000 0.00000000 0.00000000 0.00000000 0.00000000 0.00000000 0.00000000 -4.01677400 1.73597441 0.00000000 -0.48785450 -0.16587384 -1.70683622 -0.36099913 -1.49791805 -0.05981478 -0.32263805 -1.45934529 0.82671525 0.69592414 -1.67456002 -0.51361630 -0.71479818 -0.08325576 1.60978787 0.89006471 -0.73595123 0.81897330 0.32139102 1.84684840 1.82205961 0.80668320 -0.40090324 -0.18287542 1.99951029 1.80760600 -0.19227034 -1.79123653
0.00000000 0.00000000 0.00000000 0.00000000 0.00000000 0.00000000 0.00000000 0.00000000 0.00000000 0.00000000 0.00000000 0.00000000 0.00000000 0.00000000 0.00000000 0.00000000 0.00000000 0.00000000 0.00000000 0.00000000 4.39290055 0.75410479 0.02704057 -1.41186183 -1.94547027 1.94403751 -1.87251412 0.99686341 1.66045519 1.61976690 0.48510699 -1.82324618 -1.01999520 -0.62567352 1.24414409 0.95882831 -0.52202507 0.57246140 1.31343506 -1.39234052 -0.72269003 -0.83192762 -1.40464472 -1.53913250 -0.45613058 0.06772505 -1.25743119 1.14878218 1.42235698 -0.16553903
0.00000000 0.00000000 0.00000000 0.00000000 0.00000000 0.00000000 0.00000000 0.00000000 0.00000000 0.00000000 0.00000000 0.00000000 0.00000000 0.00000000 0.00000000 0.00000000 0.00000000 0.00000000 0.00000000 0.00000000 0.00000000 5.90333078 -0.69129052 0.09973851 -0.71843822 -0.62070242 -1.29449066 0.00000000 -1.58191242 1.51292755 -0.47661915 -1.30298532 0.00000000 -1.74913018 1.48077039 1.13171875 0.47855376 -1.85954864 -1.67141904 0.15352750 1.51240090 0.78154137 -0.69392917 -0.92424788 0.07005974 -0.03865929 -1.60023824 0.60948517 -1.74284957 1.70902726
0.00000000 0.00000000 0.00000000 0.00000000 0.00000000 0.00000000 0.00000000 0.00000000 0.00000000 0.00000000 0.00000000 0.00000000 0.00000000 0.00000000 0.00000000 0.00000000 0.00000000 0.00000000 0.00000000 0.00000000 0.00000000 0.00000000 1.19722597 0.20135487 -1.14178949 0.43140321 0.29169544 -1.23563090 1.63742389 0.72265809 -1.25538831 0.26766543 0.87230179 -1.86690640 -1.93689337 1.87923441 -0.57360427 -1.66329280 0.00000000 0.16777955 -1.40552345 1.97774213 1.61084065 -1.53918133 -1.26062903 0.00000000 0.44075110 1.42273505 1.40246169 1.55396595
0.00000000 0.00000000 0.00000000 0.00000000 0.00000000 0.00000000 0.00000000 0.00000000 0.00000000 0.00000000 0.00000000 0.00000000 0.00000000 0.00000000 0.00000000 0.00000000 0.00000000 0.00000000 0.00000000 0.00000000 0.00000000 0.00000000 0.00000000 -3.60846545 0.53777166 -1.47011707 1.01326657 -1.57996369 0.73520901 1.11401522 -0.44931513 -0.73521514 0.10688644 0.60138354 -0.72038754 0.31945457 -0.29832693 -0.86619440 0.61386685 -1.55901567 0.78571148 1.62182887 1.30390973 0.88377804 0.00000000 -1.67346167 -1.14870372 -1.83080382 -0.44715025 -0.66869681
0.00000000 0.00000000 0.00000000 0.00000000 0.00000000 0.00000000 0.00000000 0.00000000 0.00000000 0.00000000 0.00000000 0.00000000 0.00000000 0.00000000 0.00000000 0.00000000 0.00000000 0.00000000 0.00000000 0.00000000 0.00000000 0.00000000 0.00000000 0.00000000 4.30164197 0.00000000 1.88198071 -1.90006778 -1.47851117 -1.21277531 -1.18396284 0.14459334 -0.95698672 1.98254899 0.81986399 1.05214198 1.32242913 0.03728378 -0.77150878 0.35350558 -0.24833826 -1.32887147 1.26848295 0.75929833 -1.99413469 1.77029019 1.01102132 0.50104379 1.55036819 -1.94345575
0.00000000 0.00000000 0.00000000 0.00000000 0.00000000 0.00000000 0.00000000 0.00000000 0.00000000 0.00000000 0.00000000 0.00000000 0.00000000 0.00000000 0.00000000 0.00000000 0.00000000 0.00000000 0.00000000 0.00000000 0.00000000 0.00000000 0.00000000 0.00000000 0.00000000 -7.71012773 1.21742034 1.61865313 1.34180173 -0.10726718 -1.68360910 0.15681682 -0.60090699 1.64646519 1.94126611 -0.13843060 0.93849161 -1.85324291 -1.32132186 0.00000000 1.54143420 1.83087963 1.23307236 0.12807529 1.15796908 1.42333449 -0.75468054 0.44840260 -0.04410726 -1.08524039
0.00000000 0.00000000 0.00000000 0.00000000 0.00000000 0.00000000 0.00000000 0.00000000 0.00000000 0.00000000 0.00000000 0.00000000 0.00000000 0.00000000 0.00000000 0.00000000 0.00000000 0.00000000 0.00000000 0.00000000 0.00000000 0.00000000 0.00000000 0.00000000 0.00000000 0.00000000 4.13362902 -1.54839840 -1.25265337 -1.31441688 -0.32361861 0.76776205 0.00000000 -0.66604767 -1.57162332 0.93268355 0.92921953 -0.21613554 -0.17857278 -0.50385267 1.07232330 -1.39481704 -1.40679602 -0.93727703 0.00000000 -0.95790990 0.30394731 -1.65148553 0.40072101 1.15692074
0.00000000 0.00000000 0.00000000 0.00000000 0.00000000 0.00000000 0.00000000 0.00000000 0.00000000 0.00000000 0.00000000 0.00000000 0.00000000 0.00000000 0.00000000 0.00000000 0.00000000 0.00000000 0.00000000 0.00000000 0.00000000 0.00000000 0.00000000 0.00000000 0.00000000 0.00000000 0.00000000 5.95814569 0.47540551 -0.75896570 -1.46639587 -0.63636363 1.49605938 0.20154198 -1.99951932 -1.69892313 1.84555954 -1.46099340 0.65921860 -1.83623168 1.57820032 -1.98393225 0.70821715 1.46469148 -1.46865993 1.28947258 1.34562633 -1.48340510 0.23169592 -1.27715886
0.00000000 0.00000000 0.00000000 0.00000000 0.00000000 0.00000000 0.00000000 0.00000000 0.00000000 0.00000000 0.00000000 0.00000000 0.00000000 0.00000000 0.00000000 0.00000000 0.00000000 0.00000000 0.00000000 0.00000000 0.00000000 0.00000000 0.00000000 0.00000000 0.00000000 0.00000000 0.00000000 0.00000000 -3.01869167 -1.77590038 -0.33854986 1.98680755 -1.81677233 1.25565272 -0.50421812 -0.76795117 0.31860908 -1.71155944 1.24304690 -0.49233358 1.07821022 -0.51354275 -0.03544185 1.91135636 0.39709155 0.00000000 -1.38148355 0.83990756 -0.80885374 -0.57994398
0.00000000 0.00000000 0.00000000 0.00000000 0.00000000 0.00000000 0.00000000 0.00000000 0.00000000 0.00000000 0.00000000 0.00000000 0.00000000 0.00000000 0.00000000 0.00000000 0.00000000 0.00000000 0.00000000 0.00000000 0.00000000 0.00000000 0.00000000 0.00000000 0.00000000 0.00000000 0.00000000 0.00000000 0.00000000 0.89142922 0.40245825 1.63644296 -0.43958705 -0.57132554 1.43587064 -1.98854651 1.52980438 1.26442837 0.83690214 -0.29820288 1.23691911 0.53403428 -1.53298133 -0.61386939 0.00000000 -1.31965359 -1.71395106 0.00000000 0.22276338 0.00963303
0.00000000 0.00000000 0.00000000 0.00000000 0.00000000 0.00000000 0.00000000 0.00000000 0.00000000 0.00000000 0.00000000 0.00000000 0.00000000 0.00000000 0.00000000 0.00000000 0.00000000 0.00000000 0.00000000 0.00000000 0.00000000 0.00000000 0.00000000 0.00000000 0.00000000 0.00000000 0.00000000 0.00000000 0.00000000 0.00000000 -1.23473241 -1.76470900 -1.91197254 -0.61710146 -1.29401115 -0.34469114 -1.23660328 -0.35444847 0.59981975 -0.15081911 -1.31510144 0.72854697 1.77589040 0.59908822 0.93290997 0.56608641 1.19844423 0.67226537 1.58705925 0.81213875
0.00000000 0.00000000 0.00000000 0.00000000 0.00000000 0.00000000 0.00000000 0.00000000 0.00000000 0.00000000 0.00000000 0.00000000 0.00000000 0.00000000 0.00000000 0.00000000 0.00000000 0.00000000 0.00000000 0.00000000 0.00000000 0.00000000 0.00000000 0.00000000 0.00000000 0.00000000 0.00000000 0.00000000 0.00000000 0.00000000 0.00000000 2.83685600 -0.71981304 1.92132055 0.23385443 -1.96835303 0.06317960 0.64345083 0.04986519 -0.82758444 1.26859348 -0.35155989 1.39778036 -1.77077181 -1.01010853 -1.47961017 -0.67932135 0.80908656 0.86788390 -1.82921002
0.00000000 0.00000000 0.00000000 0.00000000 0.00000000 0.00000000 0.00000000 0.00000000 0.00000000 0.00000000 0.00000000 0.00000000 0.00000000 0.00000000 0.00000000 0.00000000 0.00000000 0.00000000 0.00000000 0.00000000 0.00000000 0.00000000 0.00000000 0.00000000 0.00000000 0.00000000 0.00000000 0.00000000 0.00000000 0.00000000 0.00000000 0.00000000 4.49241620 0.03894319 1.48102140 0.00000000 0.00000000 1.88576356 -1.68654768 0.00000000 -0.55227421 1.92990749 0.00000000 0.36698046 -0.91171832 0.51169636 0.47991366 1.77988237 -0.17240205 1.52041612
0.00000000 0.00000000 0.00000000 0.00000000 0.00000000 0.00000000 0.00000000 0.00000000 0.00000000 0.00000000 0.00000000 0.00000000 0.00000000 0.00000000 0.00000000 0.00000000 0.00000000 0.00000000 0.00000000 0.00000000 0.00000000 0.00000000 0.00000000 0.00000000 0.00000000 0.00000000 0.00000000 0.00000000 0.00000000 0.00000000 0.00000000 0.00000000 0.00000000 1.42190023 0.78743399 -1.62112522 -0.42532276 -0.69615779 1.36402794 -0.05011179 -1.99676016 -0.17143575 -0.66007192 1.01801635 0.31159326 -0.04344976 1.62328354 1.79783380 -0.61064685 1.66112460
0.00000000 0.00000000 0.00000000 0.00000000 0.00000000 0.00000000 0.00000000 0.00000000 0.00000000 0.00000000 0.00000000 0.00000000 0.00000000 0.00000000 0.00000000 0.00000000 0.00000000 0.00000000 0.00000000 0.00000000 0.00000000 0.00000000 0.00000000 0.00000000 0.00000000 0.00000000 0.00000000 0.00000000 0.00000000 0.00000000 0.00000000 0.00000000 0.00000000 0.00000000 3.34070839 -0.96659833 1.50838320 0.45745254 -0.63863114 1.59285324 0.56918567 0.33435755 -1.35412079 0.95013118 -1.22431703 1.47728053 0.83755228 0.65051231 -1.89925503 -1.97096396
0.00000000 0.00000000 0.00000000 0.00000000 0.00000000 0.00000000 0.00000000 0.00000000 0.00000000 0.00000000 0.00000000 0.00000000 0.00000000 0.00000000 0.00000000 0.00000000 0.00000000 0.00000000 0.00000000 0.00000000 0.00000000 0.00000000 0.00000000 0.00000000 0.00000000 0.00000000 0.00000000 0.00000000 0.00000000 0.00000000 0.00000000 0.00000000 0.00000000 0.00000000 0.00000000 -2.10738244 0.01270715 0.83683122 1.29807760 1.87572269 1.84910364 -1.18083915 -0.46693174 1.99186223 1.68365158 -1.12439321 1.87077146 1.02555380 -0.51845699 -0.58267710
0.00000000 0.00000000 0.00000000 0.00000000 0.00000000 0.00000000 0.00000000 0.00000000 0.00000000 0.00000000 0.00000000 0.00000000 0.00000000 0.00000000 0.00000000 0.00000000 0.00000000 0.00000000 0.00000000 0.00000000 0.00000000 0.00000000 0.00000000 0.00000000 0.00000000 0.00000000 0.00000000 0.00000000 0.00000000 0.00000000 0.00000000 0.00000000 0.00000000 0.00000000 0.00000000 0.00000000 -6.03776691 -1.94595650 1.32116648 0.54069530 1.09201955 -0.09994497 -0.91357106 -0.51604343 1.06642891 1.76132026 -1.30067387 0.29174331 1.22022653 1.36728393
0.00000000 0.00000000 0.00000000 0.00000000 0.00000000 0.00000000 0.00000000 0.00000000 0.00000000 0.00000000 0.00000000 0.00000000 0.00000000 0.00000000 0.00000000 0.00000000 0.00000000 0.00000000 0.00000000 0.00000000 0.00000000 0.00000000 0.00000000 0.00000000 0.00000000 0.00000000 0.00000000 0.00000000 0.00000000 0.00000000 0.00000000 0.00000000 0.00000000 0.00000000 0.00000000 0.00000000 0.00000000 5.48776212 -1.92776497 -1.02426219 0.36499609 -0.97420025 1.28067080 -0.68747460 0.49748902 -0.73370780 -1.76618978 -0.76522753 -0.44022341 0.90010240
0.00000000 0.00000000 0.00000000 0.00000000 0.00000000 0.00000000 0.00000000 0.00000000 0.00000000 0.00000000 0.00000000 0.00000000 0.00000000 0.00000000 0.00000000 0.00000000 0.00000000 0.00000000 0.00000000 0.00000000 0.00000000 0.00000000 0.00000000 0.00000000 0.00000000 0.00000000 0.00000000 0.00000000 0.00000000 0.00000000 0.00000000 0.00000000 0.00000000 0.00000000 0.00000000 0.00000000 0.00000000 0.00000000 0.14941061 -1.49730723 -0.60082780 -0.48286727 -0.50331260 -1.80159534 -0.60432125 1.18209069 0.49941113 -0.58604223 0.67547345 0.83317863
0.00000000 0.00000000 0.00000000 0.00000000 0.00000000 0.00000000 0.00000000 0.00000000 0.00000000 0.00000000 0.00000000 0.00000000 0.00000000 0.00000000 0.00000000 0.00000000 0.00000000 0.00000000 0.00000000 0.00000000 0.00000000 0.00000000 0.00000000 0.00000000 0.00000000 0.00000000 0.00000000 0.00000000 0.00000000 0.00000000 0.00000000 0.00000000 0.00000000 0.00000000 0.00000000 0.00000000 0.00000000 0.00000000 0.00000000 2.57831399 0.67519911 1.06368190 0.00000000 -0.27323990 0.15387134 -0.74295013 -1.81591876 -0.59027947 0.67764753 -0.97047901
0.00000000 0.00000000 0.00000000 0.00000000 0.00000000 0.00000000 0.00000000 0.00000000 0.00000000 0.00000000 0.00000000 0.00000000 0.00000000 0.00000000 0.00000000 0.00000000 0.00000000 0.00000000 0.00000000 0.00000000 0.00000000 0.00000000 0.00000000 0.00000000 0.00000000 0.00000000 0.00000000 0.00000000 0.00000000 0.00000000 0.00000000 0.00000000 0.00000000 0.00000000 0.00000000 0.00000000 0.00000000 0.00000000 0.00000000 0.00000000 -5.31327987 1.46202487 -1.70761441 1.35263365 -1.55538795 1.66651637 -0.43799286 0.56590829 -0.15680276 0.00000000
0.00000000 0.00000000 0.00000000 0.00000000 0.00000000 0.00000000 0.00000000 0.00000000 0.00000000 0.00000000 0.00000000 0.00000000 0.00000000 0.00000000 0.00000000 0.00000000 0.00000000 0.00000000 0.00000000 0.00000000 0.00000000 0.00000000 0.00000000 0.00000000 0.00000000 0.00000000 0.00000000 0.00000000 0.00000000 0.00000000 0.00000000 0.00000000 0.00000000 0.00000000 0.00000000 0.00000000 0.00000000 0.00000000 0.00000000 0.00000000 0.00000000 -5.72452645 1.56612335 0.54655732 -1.64701563 0.90086879 1.76795983 1.45448330 0.96421615 -0.17386976
0.00000000 0.00000000 0.00000000 0.00000000 0.00000000 0.00000000 0.00000000 0.00000000 0.00000000 0.00000000 0.00000000 0.00000000 0.00000000 0.00000000 0.00000000 0.00000000 0.00000000 0.00000000 0.00000000 0.00000000 0.00000000 0.00000000 0.00000000 0.00000000 0.00000000 0.00000000 0.00000000 0.00000000 0.00000000 0.00000000 0.00000000 0.00000000 0.00000000 0.00000000 0.00000000 0.00000000 0.00000000 0.00000000 0.00000000 0.00000000 0.00000000 0.00000000 -2.54770382 0.97852938 -1.26896210 0.23090048 1.72502514 0.69250052 0.28504726 0.75754943
0.00000000 0.00000000 0.00000000 0.00000000 0.00000000 0.00000000 0.00000000 0.00000000 0.00000000 0.00000000 0.00000000 0.00000000 0.00000000 0.00000000 0.00000000 0.00000000 0.00000000 0.00000000 0.00000000 0.00000000 0.00000000 0.00000000 0.00000000 0.00000000 0.00000000 0.00000000 0.00000000 0.00000000 0.00000000 0.00000000 0.00000000 0.00000000 0.00000000 0.00000000 0.00000000 0.00000000 0.00000000 0.00000000 0.00000000 0.00000000 0.00000000 0.00000000 0.00000000 2.58020942 -0.23086789 -0.21581086 -0.23984302 -1.25340070 0.00000000 -0.68492418
0.00000000 0.00000000 0.00000000 0.00000000 0.00000000 0.00000000 0.00000000 0.00000000 0.00000000 0.00000000 0.00000000 0.00000000 0.00000000 0.00000000 0.00000000 0.00000000 0.00000000 0.00000000 0.00000000 0.00000000 0.00000000 0.00000000 0.00000000 0.00000000 0.00000000 0.00000000 0.00000000 0.00000000 0.00000000 0.00000000 0.00000000 0.00000000 0.00000000 0.00000000 0.00000000 0.00000000 0.00000000 0.00000000 0.00000000 0.00000000 0.00000000 0.00000000 0.00000000 0.00000000 3.38722294 0.00000000 1.79789473 -0.89479354 -0.42401116 0.30294319
0.00000000 0.00000000 0.00000000 0.00000000 0.00000000 0.00000000 0.00000000 0.00000000 0.00000000 0.00000000 0.00000000 0.00000000 0.00000000 0.00000000 0.00000000 0.00000000 0.00000000 0.00000000 0.00000000 0.00000000 0.00000000 0.00000000 0.00000000 0.00000000 0.00000000 0.00000000 0.00000000 0.00000000 0.00000000 0.00000000 0.00000000 0.00000000 0.00000000 0.00000000 0.00000000 0.00000000 0.00000000 0.00000000 0.00000000 0.00000000 0.00000000 0.00000000 0.00000000 0.00000000 0.00000000 2.11662104 -0.44182455 0.87460378 -0.75568512 0.12408257
0.00000000 0.00000000 0.00000000 0.00000000 0.00000000 0.00000000 0.00000000 0.00000000 0.00000000 0.00000000 0.00000000 0.00000000 0.00000000 0.00000000 0.00000000 0.00000000 0.00000000 0.00000000 0.00000000 0.00000000 0.00000000 0.00000000 0.00000000 0.00000000 0.00000000 0.00000000 0.00000000 0.00000000 0.00000000 0.00000000 0.00000000 0.00000000 0.00000000 0.00000000 0.00000000 0.00000000 0.00000000 0.00000000 0.00000000 0.00000000 0.00000000 0.00000000 0.00000000 0.00000000 0.00000000 0.00000000 -0.20221430 0.78753299 -1.75586183 0.79037623
0.00000000 0.00000000 0.00000000 0.00000000 0.00000000 0.00000000 0.00000000 0.00000000 0.00000000 0.00000000 0.00000000 0.00000000 0.00000000 0.00000000 0.00000000 0.00000000 0.00000000 0.00000000 0.00000000 0.00000000 0.00000000 0.00000000 0.00000000 0.00000000 0.00000000 0.00000000 0.00000000 0.00000000 0.00000000 0.00000000 0.00000000 0.00000000 0.00000000 0.00000000 0.00000000 0.00000000 0.00000000 0.00000000 0.00000000 0.00000000 0.00000000 0.00000000 0.00000000 0.00000000 0.00000000 0.00000000 0.00000000 -4.55884474 0.00000000 0.51419854
0.00000000 0.00000000 0.00000000 0.00000000 0.00000000 0.00000000 0.00000000 0.00000000 0.00000000 0.00000000 0.00000000 0.00000000 0.00000000 0.00000000 0.00000000 0.00000000 0.00000000 0.00000000 0.00000000 0.00000000 0.00000000 0.00000000 0.00000000 0.00000000 0.00000000 0.00000000 0.00000000 0.00000000 0.00000000 0.00000000 0.00000000 0.00000000 0.00000000 0.00000000 0.00000000 0.00000000 0.00000000 0.00000000 0.00000000 0.00000000 0.00000000 0.00000000 0.00000000 0.00000000 0.00000000 0.00000000 0.00000000 0.00000000 -1.68396660 -0.01935248
0.00000000 0.00000000 0.00000000 0.00000000 0.00000000 0.00000000 0.00000000 0.00000000 0.00000000 0.00000000 0.00000000 0.00000000 0.00000000 0.00000000 0.00000000 0.00000000 0.00000000 0.00000000 0.00000000 0.00000000 0.00000000 0.00000000 0.00000000 0.00000000 0.00000000 0.00000000 0.00000000 0.00000000 0.00000000 0.00000000 0.00000000 0.00000000 0.00000000 0.00000000 0.00000000 0.00000000 0.00000000 0.00000000 0.00000000 0.00000000 0.00000000 0.00000000 0.00000000 0.00000000 0.00000000 0.00000000 0.00000000 0.00000000 0.00000000 2.88078759
