-0.62463047 -0.16557316 1.51147161 -1.87261408 -0.87029542 0.00000000 1.84716468 0.65727494 -1.48651052 -0.60644307 1.51899727 -0.23695112 -1.88547189 1.58472668 -1.48050371 0.56506432 0.47831943 0.00000000 -0.15733567 1.84794066
0.00000000 0.74785329 -1.29379014 0.00000000 0.41897956 -1.54558491 1.86239115 -1.42077348 0.05220773 1.33046393 1.53299886 -1.60973524 1.50914467 1.37060385 -0.73694549 1.02591224 -1.09170846 -1.38471224 -1.34958546 0.00000000
0.00000000 0.00000000 -0.27062331 -0.76501755 1.30499167 -0.15271554 1.95615706 1.57536902 -1.15815662 -0.26632954 -1.74240675 0.33488244 0.43710735 0.34128684 -1.64558752 0.44545699 0.00000000 -1.55094090 1.36407737 -0.15460919
0.00000000 0.00000000 0.00000000 1.85282371 -1.60284533 1.91421463 1.77610573 -0.67289753 1.71838240 -0.85990641 0.13331145 0.29149720 1.16194663 -1.72068623 -1.85146270 -1.40530272 -0.46050104 1.18545368 0.89313347 -1.56845904
0.00000000 0.00000000 0.00000000 0.00000000 0.43452007 0.93746145 -1.24139081 -1.92275025 -0.08312876 1.63938204 0.00000000 1.62408046 -0.23877094 1.19344678 -1.22521269 -1.36159199 1.83347148 0.68453908 -1.30883587 -0.65057063
0.00000000 0.00000000 0.00000000 0.00000000 0.00000000 0.44479301 1.09120391 -1.76995223 -1.25337308 1.21472816 -1.05511253 -0.32329319 -0.27870697 -0.09515642 -0.76099797 -1.00603729 1.20386221 1.03597407 1.78653993 -1.83264024
0.00000000 0.00000000 0.00000000 0.00000000 0.00000000 0.00000000 -3.04525028 -1.36840908 1.41048724 -0.75020561 1.17110548 -0.78705021 -0.42554427 0.67957132 -0.29483791 0.10029264 -1.85575978 1.41902107 0.47561939 -0.97542144
0.00000000 0.00000000 0.00000000 0.00000000 0.00000000 0.00000000 0.00000000 2.63053157 -0.10057723 0.55555712 1.73178999 -1.91226710 1.70426721 0.35336029 -1.83559455 -0.53813919 0.89859118 0.00000000 -1.55009881 0.35418655
0.00000000 0.00000000 0.00000000 0.00000000 0.00000000 0.00000000 0.00000000 0.00000000 2.28887806 0.24292293 0.29855579 -1.89346640 -1.92340457 1.85958061 -1.33993537 -1.25557826 0.27660096 -1.92743502 0.92885203 1.05622003
0.00000000 0.00000000 0.00000000 0.00000000 0.00000000 0.00000000 0.00000000 0.00000000 0.00000000 -0.90242081 -0.65437565 0.00000000 0.40780993 -0.06590971 0.74514609 -1.29748132 -1.88356738 -1.62179580 1.73283736 1.94200854
0.00000000 0.00000000 0.00000000 0.00000000 0.00000000 0.00000000 0.00000000 0.00000000 0.00000000 0.00000000 -3.44839051 -0.94201610 0.92040558 -1.07560067 0.39453446 -0.44016882 0.24111223 1.63975918 1.49551792 1.72837331
0.00000000 0.00000000 0.00000000 0.00000000 0.00000000 0.00000000 0.00000000 0.00000000 0.00000000 0.00000000 0.00000000 3.58295063 1.32305067 -0.09074792 -1.19944261 1.31464175 0.58327489 -1.42447859 -0.42790307 -1.78997712
0.00000000 0.00000000 0.00000000 0.00000000 0.00000000 0.00000000 0.00000000 0.00000000 0.00000000 0.00000000 0.00000000 0.00000000 -4.10328154 1.10558719 1.75213112 -1.96182114 0.52137989 1.58550995 1.57259728 0.91934539
0.00000000 0.00000000 0.00000000 0.00000000 0.00000000 0.00000000 0.00000000 0.00000000 0.00000000 0.00000000 0.00000000 0.00000000 0.00000000 -1.06008456 -1.51943501 0.24554750 -0.63877221 0.31963902 -0.56955749 -1.15731532
0.00000000 0.00000000 0.00000000 0.00000000 0.00000000 0.00000000 0.00000000 0.00000000 0.00000000 0.00000000 0.00000000 0.00000000 0.00000000 0.00000000 6.08740790 0.38295307 -1.53612749 -1.46412697 0.48151157 0.95911785
0.00000000 0.00000000 0.00000000 0.00000000 0.00000000 0.00000000 0.00000000 0.00000000 0.00000000 0.00000000 0.00000000 0.00000000 0.00000000 0.00000000 0.00000000 5.18356124 -1.52519924 -1.72824090 -0.29684426 -1.63058588
0.00000000 0.00000000 0.00000000 0.00000000 0.00000000 0.00000000 0.00000000 0.00000000 0.00000000 0.00000000 0.00000000 0.00000000 0.00000000 0.00000000 0.00000000 0.00000000 1.97417164 1.77463106 -0.82243120 -1.94551983
0.00000000 0.00000000 0.00000000 0.00000000 0.00000000 0.00000000 0.00000000 0.00000000 0.00000000 0.00000000 0.00000000 0.00000000 0.00000000 0.00000000 0.00000000 0.00000000 0.00000000 0.68354782 -0.06465571 0.15476337
0.00000000 0.00000000 0.00000000 0.00000000 0.00000000 0.00000000 0.00000000 0.00000000 0.00000000 0.00000000 0.00000000 0.00000000 0.00000000 0.00000000 0.00000000 0.00000000 0.00000000 0.00000000 -1.95484548 -0.27374785
0.00000000 0.00000000 0.00000000 0.00000000 0.00000000 0.00000000 0.00000000 0.00000000 0.00000000 0.00000000 0.00000000 0.00000000 0.00000000 0.00000000 0.00000000 0.00000000 0.00000000 0.00000000 0.00000000 1.50844541
