1.96397448 0.15632626 -0.84321423 -1.87985237 0.61454302 -1.15996522 -0.97089210 -0.41120695 0.56631262 0.00000000
0.00000000 -1.58160687 1.95524484 0.00000000 0.00000000 -0.15386796 1.97394003 1.97028798 -1.02929786 -1.70941955
0.00000000 0.00000000 -2.84684346 -1.36039591 0.00000000 1.36761093 0.39821892 1.66985066 1.88867643 0.61769528
0.00000000 0.00000000 0.00000000 1.88688090 0.14081913 -1.72947587 -1.90595975 1.22117715 0.68787886 1.05204697
0.00000000 0.00000000 0.00000000 0.00000000 -1.14807050 0.26260987 0.69557504 0.55489128 1.58070260 -1.55299993
0.00000000 0.00000000 0.00000000 0.00000000 0.00000000 -0.31358863 -0.02219832 -0.76322379 1.31737969 1.50830794
0.00000000 0.00000000 0.00000000 0.00000000 0.00000000 0.00000000 1.76446554 -0.99187933 -1.67863008 -1.02710549
0.00000000 0.00000000 0.00000000 0.00000000 0.00000000 0.00000000 0.00000000 -1.79344856 -0.74153998 1.07854012
0.00000000 0.00000000 0.00000000 0.00000000 0.00000000 0.00000000 0.00000000 0.00000000 -1.11519354 -0.36109519
0.00000000 0.00000000 0.00000000 0.00000000 0.00000000 0.00000000 0.00000000 0.00000000 0.00000000 0.19701492
