-6.92960353 1.37768741 1.03181761 -0.31771368 -0.96433300 0.04509889 -0.38026345 1.13519436 -0.78674910 -0.09361218 0.33352816 1.63245154 0.01874742 -0.87264862 1.02321682 0.47347599 -0.99797463 1.63898502 0.00000000 1.93114190 1.24086894 1.60866380 -0.75940972 0.91932699 1.59535315 0.73593573 -0.11142914 -1.59719517 -0.26331266 0.44354789 0.00000000 1.65204421 1.86642547 -0.09196089 1.46123971 -0.95803076 1.22011131 0.19479722 -1.94383320 0.87881875 -0.40470583 1.29937991 0.67261280 -1.99542872 -0.02568853 1.47041110 -1.02435649 -0.69918255 1.48188493 -1.23573163
0.00000000 -8.89599490 0.00000000 0.27004296 -1.04553629 1.87016100 1.21271788 -0.20812171 -1.67821673 -0.71978158 0.03176257 1.73133530 -1.56376862 0.20506898 0.82624564 0.00000000 0.18976365 1.25786745 0.16113443 1.85535418 0.41274251 0.35046826 -0.22004389 0.38514745 -0.46039542 0.30260406 -0.83868199 -1.24243469 -1.25308189 0.45109272 0.62663756 -0.09387603 -1.64070256 1.03041569 1.50708148 1.69352406 1.36984089 1.59269249 1.69232976 0.16239970 -0.43481580 0.82113360 -0.89746351 1.24651483 1.39794386 1.58015587 0.35920473 0.00000000 1.79905949 0.31878004
0.00000000 0.00000000 1.30460244 -0.19774757 0.64098151 1.98503136 1.66776487 1.17330034 -1.67050805 0.45113242 -0.05422319 0.52058936 1.38031030 -1.02785751 0.92595688 -1.53146283 -1.11815785 1.17833189 -0.66985540 1.26365239 -1.59756992 -1.41456604 0.79068256 -1.81906373 0.29546415 1.64006406 0.13679187 0.72235653 -1.89321282 0.00000000 0.53999964 0.42535367 0.00000000 0.30381179 -0.43516236 -0.51944024 1.92206660 -1.85443185 -1.91345396 1.84412512 -1.26011223 -1.50441934 -1.15769396 1.20298636 1.74787663 -1.90886970 -0.29752467 -1.59399912 -0.96032044 0.00000000
0.00000000 0.00000000 0.00000000 3.91253862 -1.11668291 0.58770288 -0.59882413 -1.27872839 0.01454602 -1.84248517 -1.59631504 0.00000000 1.95294059 -1.20257684 -0.56577879 0.92639322 1.35330626 1.67392825 -1.32230158 0.69056225 1.86619561 -1.76779622 0.70480714 1.38169837 -0.63074984 -0.99725064 0.38716557 -0.23074387 -1.30072206 -0.11349834 -0.36037842 0.27645096 0.03440052 -0.75421600 -0.57139327 0.00000000 1.35064470 -0.99626934 0.24240088 -1.95025472 0.96629751 -0.65633378 -1.81721403 -0.87646734 -1.03947837 1.81251736 -0.59109775 -0.84848834 -0.56319521 1.78762334
0.00000000 0.00000000 0.00000000 0.00000000 -0.43972610 0.53499141 0.48430738 0.86247740 -0.44793106 -0.34232805 0.60333145 -1.99390311 -1.23076184 -0.66239324 -1.04233616 0.54959760 -0.48540772 1.50169357 0.27260568 -0.34237441 -0.39093170 0.80731850 -0.32709379 0.64878356 -1.81288126 -0.21859124 -0.96309231 -1.36925371 0.11029252 -0.05093760 0.00000000 0.24561970 1.02193907 1.53550062 0.00000000 -0.02166932 -0.75176701 -0.13243106 1.23618343 1.50006533 1.24965973 -1.24799482 1.99768144 0.53235504 -1.66613180 0.90221742 1.94728592 -0.39273271 0.00000000 0.71406002
0.00000000 0.00000000 0.00000000 0.00000000 0.00000000 -3.16980473 -0.73529145 -1.14590135 0.86929657 -1.99056974 1.29092564 0.11338391 -1.60886263 -1.52438442 0.59706170 1.49461530 -0.88006903 1.91406075 -1.59927724 1.41575244 -0.41321529 -1.67461833 -0.90114463 -0.18808726 1.16936612 1.44543961 -1.46631778 0.08346211 0.60313295 -0.61178794 1.48745534 -0.88636074 -1.92570269 -1.83734691 0.72398708 0.23342294 1.78601022 1.75375520 1.63940471 -1.83198187 0.99653929 0.80529927 0.62144746 0.84943061 1.61084060 0.56056480 0.00000000 -0.51020295 0.15171513 -1.16862359
0.00000000 0.00000000 0.00000000 0.00000000 0.00000000 0.00000000 1.13054093 0.34850202 -1.96441167 -1.39590730 -0.66636645 1.15849264 0.87399769 -0.64697612 0.48215243 -1.83518820 -1.34455782 1.92765628 -0.84187659 -0.42083207 0.19393719 0.00000000 -0.82637199 -0.08774132 -1.04117567 -1.80697455 -1.28165260 0.09220093 -1.71654846 -0.38732341 -0.68591716 -0.34111356 0.00000000 -1.60239865 1.63463022 -0.10398140 1.36339333 1.90491783 -0.62539363 -0.08365392 0.79838116 -0.29385871 -0.79238754 0.93900396 1.57759911 1.67875538 0.50696819 0.00000000 -0.49771461 1.89824209
0.00000000 0.00000000 0.00000000 0.00000000 0.00000000 0.00000000 0.00000000 3.63421270 0.55551407 -1.73666129 -1.66132172 0.99947829 -1.75537537 -1.96859598 -0.42476819 0.07601491 -0.20582286 -0.04552478 0.33955481 0.71721027 -0.30784771 -0.52667417 1.95383623 -0.95633386 1.10840062 -0.27511590 -0.56591847 0.00000000 0.00000000 -1.74456820 1.45431578 0.80801660 1.61204283 -0.19355283 0.70768387 -1.52435885 -0.40818559 -1.17107211 -1.83159429 1.79184541 -1.13642253 -1.41458204 -1.20811983 0.00000000 -0.48787214 0.18556505 -1.39466253 1.95475956 1.93195684 -1.40639193
0.00000000 0.00000000 0.00000000 0.00000000 0.00000000 0.00000000 0.00000000 0.00000000 2.66120234 -0.37637247 0.71971793 1.51062633 -0.01837630 1.66818669 -0.71015874 -0.00623643 -0.00541363 0.68027261 -1.19203476 0.43908244 -1.12490761 -0.63911874 1.85026585 1.59603215 1.27247352 0.00000000 -1.85812695 -1.40653247 -0.97247235 1.13666627 1.36933331 0.33179272 0.87252661 0.00000000 1.22822152 -1.73456348 -1.66142745 1.47558126 -1.84233668 -1.09963739 -1.83747189 -1.93885944 1.37581874 -0.67762253 -1.35723976 -1.40472204 0.62433465 1.87439309 0.01999877 1.60436191
0.00000000 0.00000000 0.00000000 0.00000000 0.00000000 0.00000000 0.00000000 0.00000000 0.00000000 1.37032979 0.00971440 0.29548991 0.71428543 1.22043996 1.03138553 1.96213025 0.98786156 1.62312289 -1.17558067 0.14166522 0.39445705 1.30278647 -0.07114575 1.16416085 -0.44572444 0.34555382 1.40526643 1.19223788 0.62793821 -1.99903721 0.00000000 -1.27212431 0.02743115 -0.98216241 -1.73751663 1.43953369 1.77178809 -0.78878049 -0.36770733 1.24015014 -1.75096496 0.56393945 -1.49071675 -0.85164664 1.31976275 -1.77789182 -1.85626467 -0.32853582 -0.03267616 1.45330073
0.00000000 0.00000000 0.00000000 0.00000000 0.00000000 0.00000000 0.00000000 0.00000000 0.00000000 0.00000000 -2.66469256 0.86875499 0.69417523 -1.39450491 1.94682370 -0.35543921 0.44708346 -0.45326798 -1.81186834 -0.11644316 -1.39452898 -1.87013815 0.46960169 0.51986516 -1.57882870 0.19657506 -0.61332809 -0.46634371 1.10567959 -0.03872129 1.52510646 0.44047897 -0.13124634 0.52925056 -0.64853848 -1.50270483 0.73011847 0.48814977 1.15426597 -1.49156350 1.64713327 1.19736485 1.66754963 1.49013889 0.72402579 1.24100340 0.07602924 1.14195660 -1.24349013 1.12845643
0.00000000 0.00000000 0.00000000 0.00000000 0.00000000 0.00000000 0.00000000 0.00000000 0.00000000 0.00000000 0.00000000 -7.12690094 -0.22168158 1.02646489 -0.17811905 1.15823491 -1.69864166 -1.82143638 1.73715833 -0.05533960 1.60428560 1.77913301 0.66604461 0.00000000 0.28718730 -1.13608246 -1.62609512 1.27757686 1.55508827 1.11758284 0.79400973 0.00000000 -0.31955554 -0.77875364 -1.54622042 -0.29611901 0.26405190 1.69152233 1.74301908 -0.33743521 -1.60315605 1.09527493 0.93711737 -1.87719662 -0.21312560 0.74567242 -1.87946306 1.67712941 0.00000000 1.84896995
0.00000000 0.00000000 0.00000000 0.00000000 0.00000000 0.00000000 0.00000000 0.00000000 0.00000000 0.00000000 0.00000000 0.00000000 4.51959982 0.00000000 0.89017109 -1.68584584 -1.71868214 -0.56298674 0.00000000 -1.88248997 -0.60848909 0.00000000 -1.96014303 1.89729405 1.27602680 -1.71792955 1.57374037 -1.16808784 -1.18083681 0.69503658 1.75304907 -1.50724752 -1.97126173 -0.52347941 -1.90139994 0.41939295 1.43670243 -1.25203319 -1.55043586 -0.62220157 1.83668608 -1.47936922 1.86607704 -0.55104052 -0.10651839 -0.82947206 1.74850738 1.83259158 0.54366283 -1.26381780
0.00000000 0.00000000 0.00000000 0.00000000 0.00000000 0.00000000 0.00000000 0.00000000 0.00000000 0.00000000 0.00000000 0.00000000 0.00000000 8.55636048 1.97180715 -1.58967824 0.32339753 -1.37438776 1.59070126 1.78271357 0.00000000 1.21756119 -0.73643433 -1.02864524 1.01943365 -0.83576192 -0.32085849 -1.81497729 -1.47106476 -1.91780152 -1.68831552 -1.70715540 -0.31907319 0.20310871 0.96351528 -1.43086610 -0.31124502 0.54786415 -1.66177722 -0.22075538 -0.52297584 1.79572772 -1.76857154 -0.36549512 -0.33109808 0.91272202 -0.71731599 -1.18403890 -0.82675338 -0.11644983
0.00000000 0.00000000 0.00000000 0.00000000 0.00000000 0.00000000 0.00000000 0.00000000 0.00000000 0.00000000 0.00000000 0.00000000 0.00000000 0.00000000 -3.97317294 1.80107332 1.18606809 -0.89211902 0.23272635 0.00000000 0.75280121 1.18262862 -0.21534246 -0.40489238 1.07056297 -0.27313402 -1.00816932 -0.18621187 1.74841859 -1.42973005 -0.15025858 0.54921410 -0.06684805 -1.18544038 -1.99262736 0.79596685 0.47494207 -1.96889340 -0.80575952 1.07453704 0.51568151 0.18083246 -1.37511556 0.82517617 -0.11426031 0.71271498 1.04035935 -1.07054911 1.04798005 -0.87964646
0.00000000 0.00000000 0.00000000 0.00000000 0.00000000 0.00000000 0.00000000 0.00000000 0.00000000 0.00000000 0.00000000 0.00000000 0.00000000 0.00000000 0.00000000 0.70580103 1.93606055 -1.51667356 1.53487207 -1.83781150 -0.97369673 0.10440764 0.32646473 -0.41506006 -1.59187309 -0.98956766 -0.86641398 1.02089142 1.63509730 0.38163966 -1.85819614 1.16894589 -0.77758427 -0.64043837 0.12074175 -1.00381181 1.67991235 -1.34578097 -0.34067840 -0.84123220 0.07933641 0.29592721 0.50855876 0.12550322 -0.35678199 0.53837605 -0.38634849 1.11420104 1.15270970 -0.83098333
0.00000000 0.00000000 0.00000000 0.00000000 0.00000000 0.00000000 0.00000000 0.00000000 0.00000000 0.00000000 0.00000000 0.00000000 0.00000000 0.00000000 0.00000000 0.00000000 5.41822323 -0.51278271 0.51524362 0.00000000 -1.37172013 0.78812772 -0.47428899 0.36424990 -1.44186760 0.67303354 -0.58376856 -0.10933770 -0.33957040 -0.09313901 0.77878253 -0.72703929 0.60821792 -1.75911157 -0.79925939 0.98083876 -1.79037649 0.48456878 -1.89781280 -0.11388453 1.55418017 -1.95955962 0.10731208 -1.73417268 1.46843910 0.74518609 0.96781543 0.67603032 -1.97430619 -1.83528855
0.00000000 0.00000000 0.00000000 0.00000000 0.00000000 0.00000000 0.00000000 0.00000000 0.00000000 0.00000000 0.00000000 0.00000000 0.00000000 0.00000000 0.00000000 0.00000000 0.00000000 -5.08285620 0.48350722 1.99874050 1.49258896 0.79874323 0.90839982 -1.09325191 1.00645574 -0.84830358 -1.57815893 -0.15642042 -0.67921691 -1.32697841 -0.31316043 1.58880391 -0.25891891 0.00000000 0.00000000 -0.21083242 0.83531103 0.09664748 -1.48310786 1.64156959 -0.22350266 1.15735096 -0.44449948 1.22738408 -0.44185434 -1.11936191 -1.21522133 1.76013858 0.34612103 0.00000000
0.00000000 0.00000000 0.00000000 0.00000000 0.00000000 0.00000000 0.00000000 0.00000000 0.00000000 0.00000000 0.00000000 0.00000000 0.00000000 0.00000000 0.00000000 0.00000000 0.00000000 0.00000000 3.33192462 -1.80082694 -0.44660962 -1.06388296 -1.66137174 -1.25297653 -1.77203808 0.55229451 -1.30650454 0.44311950 0.45002699 0.81969484 0.04847460 -0.86230404 1.50982982 -0.58771567 -0.16682270 0.52751773 0.06449719 1.82587339 1.81887071 1.71903940 1.73630540 0.32384054 -0.03919175 0.81646727 -1.13832163 -0.93651184 -1.82477099 -1.34856983 -1.98450180 0.61851031
0.00000000 0.00000000 0.00000000 0.00000000 0.00000000 0.00000000 0.00000000 0.00000000 0.00000000 0.00000000 0.00000000 0.00000000 0.00000000 0.00000000 0.00000000 0.00000000 0.00000000 0.00000000 0.00000000 -0.03911211 0.00000000 -1.43837204 1.14671738 0.72201598 1.88270317 -0.41394205 1.68556765 -0.18518331 -0.64198504 -1.59064452 1.53132874 1.17916063 -0.70828409 -0.17702246 -0.69942614 -1.88468353 -1.82258990 -0.52518350 -1.16163469 0.09805841 -1.24885986 -1.19351365 0.69067153 0.94241063 -0.75107162 1.43997760 -0.98144330 -0.62423849 0.84992156 -1.82198839
0.00000000 0.00000000 0.00000000 0.00000000 0.00000000 0.00000000 0.00000000 0.00000000 0.00000000 0.00000000 0.00000000 0.00000000 0.00000000 0.00000000 0.00000000 0.00000000 0.00000000 0.00000000 0.00000000 0.00000000 2.02735619 1.73673384 -1.71064907 -0.15627576 0.89841930 -1.81012586 1.23601074 1.91557337 -0.15795331 -1.52750545 -1.67409202 -1.60507826 1.06176550 -0.34394861 1.67693663 -0.23744090 -1.69142676 -0.29225765 1.01931157 1.31735371 -1.84259325 -1.27844243 -0.03994619 -1.48765809 1.48437057 1.73784355 -0.72161201 -0.26062527 0.22821626 -0.85797684
0.00000000 0.00000000 0.00000000 0.00000000 0.00000000 0.00000000 0.00000000 0.00000000 0.00000000 0.00000000 0.00000000 0.00000000 0.00000000 0.00000000 0.00000000 0.00000000 0.00000000 0.00000000 0.00000000 0.00000000 0.00000000 0.53121908 0.16430279 -1.19525982 -0.81343499 -0.23286547 0.41867961 0.14466010 -0.95604809 0.00000000 -1.07284850 -1.52507905 1.13397454 -1.60439693 0.93154002 -1.00490522 -0.86177206 0.94433373 0.63848317 0.96768622 0.06113224 1.43638328 -1.51282443 0.58078785 -1.52702275 0.94913347 -0.56438135 0.69952842 0.81393565 0.64243383
0.00000000 0.00000000 0.00000000 0.00000000 0.00000000 0.00000000 0.00000000 0.00000000 0.00000000 0.00000000 0.00000000 0.00000000 0.00000000 0.00000000 0.00000000 0.00000000 0.00000000 0.00000000 0.00000000 0.00000000 0.00000000 0.00000000 1.44890357 -1.11376808 1.32719955 -1.03945565 0.07261319 0.69858302 0.00000000 -1.06558730 0.51404689 -0.85267581 -1.31447050 1.23899531 0.21249108 -0.68846117 0.34172379 -1.89885441 -1.48070857 -0.41767659 1.90302632 0.00000000 0.04189807 -1.69417518 1.06016246 1.12577548 1.09920870 0.27799215 0.78279495 -1.14616825
0.00000000 0.00000000 0.00000000 0.00000000 0.00000000 0.00000000 0.00000000 0.00000000 0.00000000 0.00000000 0.00000000 0.00000000 0.00000000 0.00000000 0.00000000 0.00000000 0.00000000 0.00000000 0.00000000 0.00000000 0.00000000 0.00000000 0.00000000 -2.48253001 0.93024236 1.26469595 1.03986616 -0.58615039 0.36411220 0.51595743 1.60323941 -1.56794442 1.33573508 0.10574223 -0.56554352 0.00000000 -0.17758839 -1.94945800 -1.11970563 0.61105368 0.64339712 -0.02120424 1.81330352 0.00000000 -0.07633965 -0.74422536 1.39112336 -0.96336680 0.41722397 0.81367541
0.00000000 0.00000000 0.00000000 0.00000000 0.00000000 0.00000000 0.00000000 0.00000000 0.00000000 0.00000000 0.00000000 0.00000000 0.00000000 0.00000000 0.00000000 0.00000000 0.00000000 0.00000000 0.00000000 0.00000000 0.00000000 0.00000000 0.00000000 0.00000000 1.97223076 1.28678519 1.14147500 -0.46363068 -1.76327878 -1.84684854 0.90584155 1.84676553 -0.62733850 -0.23521961 0.90319206 0.63132498 -0.95957365 0.68633938 -0.78039032 -0.57456837 0.15805322 0.92925530 -1.39513515 -1.91205116 0.51131982 -1.90174129 -1.82014704 -1.09689769 0.61550749 -1.73381961
0.00000000 0.00000000 0.00000000 0.00000000 0.00000000 0.00000000 0.00000000 0.00000000 0.00000000 0.00000000 0.00000000 0.00000000 0.00000000 0.00000000 0.00000000 0.00000000 0.00000000 0.00000000 0.00000000 0.00000000 0.00000000 0.00000000 0.00000000 0.00000000 0.00000000 3.40213894 -1.75037693 1.88837298 -0.30938842 1.56971574 -1.13390286 -0.25914728 -0.56785946 -1.29225786 -0.68474726 1.94718327 0.98923604 -0.46932688 -0.36286226 -0.94503640 0.12534671 0.94254765 0.74658646 -0.14940066 -1.83224381 1.68603123 -0.36426479 -0.43880453 -1.98755954 0.00000000
0.00000000 0.00000000 0.00000000 0.00000000 0.00000000 0.00000000 0.00000000 0.00000000 0.00000000 0.00000000 0.00000000 0.00000000 0.00000000 0.00000000 0.00000000 0.00000000 0.00000000 0.00000000 0.00000000 0.00000000 0.00000000 0.00000000 0.00000000 0.00000000 0.00000000 0.00000000 4.60423950 -1.44709114 1.47541367 0.05573838 0.92973938 -1.40732845 -0.67979597 1.36054623 1.28263408 -1.01282293 -1.91209877 1.22586789 -1.32462398 1.15072557 0.73463692 -1.32674096 -1.68604543 1.71059772 0.39151359 0.48204069 0.00000000 0.00000000 -0.16995279 -1.39971609
0.00000000 0.00000000 0.00000000 0.00000000 0.00000000 0.00000000 0.00000000 0.00000000 0.00000000 0.00000000 0.00000000 0.00000000 0.00000000 0.00000000 0.00000000 0.00000000 0.00000000 0.00000000 0.00000000 0.00000000 0.00000000 0.00000000 0.00000000 0.00000000 0.00000000 0.00000000 0.00000000 4.43439327 0.40787965 0.00000000 -0.99010848 1.22357862 0.93087582 -1.89093126 1.72969204 -1.85473581 -1.64152272 -0.82906176 -1.39676376 -1.05541967 -0.57676205 0.94199886 0.00000000 -0.38115456 -0.92064098 -0.03074739 -0.42962700 -0.75694321 0.00000000 1.60216663
0.00000000 0.00000000 0.00000000 0.00000000 0.00000000 0.00000000 0.00000000 0.00000000 0.00000000 0.00000000 0.00000000 0.00000000 0.00000000 0.00000000 0.00000000 0.00000000 0.00000000 0.00000000 0.00000000 0.00000000 0.00000000 0.00000000 0.00000000 0.00000000 0.00000000 0.00000000 0.00000000 0.00000000 1.84046946 0.20179380 1.90931004 1.09164964 0.28199719 -0.95021364 0.74737463 -0.17632912 0.88555086 -0.38488476 -0.01597985 -1.91726493 0.95983401 -1.86290582 0.72290154 0.32801478 1.10367045 -0.84088960 0.74444326 -1.17160810 0.11708801 -0.63887848
0.00000000 0.00000000 0.00000000 0.00000000 0.00000000 0.00000000 0.00000000 0.00000000 0.00000000 0.00000000 0.00000000 0.00000000 0.00000000 0.00000000 0.00000000 0.00000000 0.00000000 0.00000000 0.00000000 0.00000000 0.00000000 0.00000000 0.00000000 0.00000000 0.00000000 0.00000000 0.00000000 0.00000000 0.00000000 -0.96805001 1.91381821 1.88746623 -1.16412106 0.26415294 -0.68222926 0.00000000 1.87415275 1.69810379 0.34458341 0.88033782 0.00000000 0.72529903 -0.58657747 1.66544628 1.59781415 -0.67736614 0.98957964 -1.96363149 1.26543644 0.25947738
0.00000000 0.00000000 0.00000000 0.00000000 0.00000000 0.00000000 0.00000000 0.00000000 0.00000000 0.00000000 0.00000000 0.00000000 0.00000000 0.00000000 0.00000000 0.00000000 0.00000000 0.00000000 0.00000000 0.00000000 0.00000000 0.00000000 0.00000000 0.00000000 0.00000000 0.00000000 0.00000000 0.00000000 0.00000000 0.00000000 -7.44552081 1.80922685 -0.54722770 0.50285230 -0.70799027 1.13114153 0.40281199 1.94988409 -1.99594883 -1.43696503 -1.82559447 -1.49660860 1.71754119 1.79443320 -0.07834986 1.78675758 1.27355044 1.11447094 0.98912780 -1.24938166
0.00000000 0.00000000 0.00000000 0.00000000 0.00000000 0.00000000 0.00000000 0.00000000 0.00000000 0.00000000 0.00000000 0.00000000 0.00000000 0.00000000 0.00000000 0.00000000 0.00000000 0.00000000 0.00000000 0.00000000 0.00000000 0.00000000 0.00000000 0.00000000 0.00000000 0.00000000 0.00000000 0.00000000 0.00000000 0.00000000 0.00000000 -1.03730523 0.19550904 -0.30448308 1.79915219 -1.30466585 -1.32056463 0.63544701 -1.37039284 -1.55978531 0.00000000 0.01569279 1.18664388 0.42018269 1.01901589 -0.93696587 -0.86014867 -0.28518543 1.96339154 0.87167303
0.00000000 0.00000000 0.00000000 0.00000000 0.00000000 0.00000000 0.00000000 0.00000000 0.00000000 0.00000000 0.00000000 0.00000000 0.00000000 0.00000000 0.00000000 0.00000000 0.00000000 0.00000000 0.00000000 0.00000000 0.00000000 0.00000000 0.00000000 0.00000000 0.00000000 0.00000000 0.00000000 0.00000000 0.00000000 0.00000000 0.00000000 0.00000000 -4.68595434 1.78501583 0.15148182 0.21823941 1.96036134 -1.24004690 1.13036175 1.16605530 1.37896651 1.00021084 -1.37866793 0.64451053 1.69481274 0.25314061 -0.55623396 1.79808059 0.24639460 -0.35345442
0.00000000 0.00000000 0.00000000 0.00000000 0.00000000 0.00000000 0.00000000 0.00000000 0.00000000 0.00000000 0.00000000 0.00000000 0.00000000 0.00000000 0.00000000 0.00000000 0.00000000 0.00000000 0.00000000 0.00000000 0.00000000 0.00000000 0.00000000 0.00000000 0.00000000 0.00000000 0.00000000 0.00000000 0.00000000 0.00000000 0.00000000 0.00000000 0.00000000 2.11790612 0.45653399 1.21650007 -1.08679164 -1.93723183 0.11637959 1.76542968 0.72103185 0.52363200 0.51126059 -0.01204115 0.92367708 -1.00322224 1.56701706 -0.90210938 1.77978005 0.00000000
0.00000000 0.00000000 0.00000000 0.00000000 0.00000000 0.00000000 0.00000000 0.00000000 0.00000000 0.00000000 0.00000000 0.00000000 0.00000000 0.00000000 0.00000000 0.00000000 0.00000000 0.00000000 0.00000000 0.00000000 0.00000000 0.00000000 0.00000000 0.00000000 0.00000000 0.00000000 0.00000000 0.00000000 0.00000000 0.00000000 0.00000000 0.00000000 0.00000000 0.00000000 -6.48736129 1.70598684 -1.68830190 -0.20728120 0.97614514 -0.20138371 0.03559610 1.22729575 0.81996864 1.83201689 -1.34205602 1.69423714 1.71194501 0.53899575 1.76156331 -0.98925765
0.00000000 0.00000000 0.00000000 0.00000000 0.00000000 0.00000000 0.00000000 0.00000000 0.00000000 0.00000000 0.00000000 0.00000000 0.00000000 0.00000000 0.00000000 0.00000000 0.00000000 0.00000000 0.00000000 0.00000000 0.00000000 0.00000000 0.00000000 0.00000000 0.00000000 0.00000000 0.00000000 0.00000000 0.00000000 0.00000000 0.00000000 0.00000000 0.00000000 0.00000000 0.00000000 3.25464652 1.52714913 1.09391717 0.43875600 -1.63748302 -1.87946259 -1.95612202 -0.99776777 1.04940964 -0.45349987 1.10178690 0.50256996 -0.44295240 1.52058652 -1.84633104
0.00000000 0.00000000 0.00000000 0.00000000 0.00000000 0.00000000 0.00000000 0.00000000 0.00000000 0.00000000 0.00000000 0.00000000 0.00000000 0.00000000 0.00000000 0.00000000 0.00000000 0.00000000 0.00000000 0.00000000 0.00000000 0.00000000 0.00000000 0.00000000 0.00000000 0.00000000 0.00000000 0.00000000 0.00000000 0.00000000 0.00000000 0.00000000 0.00000000 0.00000000 0.00000000 0.00000000 0.03796012 -0.13874804 0.00000000 1.31940936 -1.49274607 0.84195025 -0.68753663 -1.90279489 -0.10510028 0.08677096 -1.83365500 0.26367741 -0.61026465 -1.98202717
0.00000000 0.00000000 0.00000000 0.00000000 0.00000000 0.00000000 0.00000000 0.00000000 0.00000000 0.00000000 0.00000000 0.00000000 0.00000000 0.00000000 0.00000000 0.00000000 0.00000000 0.00000000 0.00000000 0.00000000 0.00000000 0.00000000 0.00000000 0.00000000 0.00000000 0.00000000 0.00000000 0.00000000 0.00000000 0.00000000 0.00000000 0.00000000 0.00000000 0.00000000 0.00000000 0.00000000 0.00000000 -2.15014432 -1.23690648 -1.55675731 0.16248782 -1.82751935 1.71253028 1.38024789 1.78119057 -0.74079587 1.62106955 1.93724969 1.05892574 -0.89966955
0.00000000 0.00000000 0.00000000 0.00000000 0.00000000 0.00000000 0.00000000 0.00000000 0.00000000 0.00000000 0.00000000 0.00000000 0.00000000 0.00000000 0.00000000 0.00000000 0.00000000 0.00000000 0.00000000 0.00000000 0.00000000 0.00000000 0.00000000 0.00000000 0.00000000 0.00000000 0.00000000 0.00000000 0.00000000 0.00000000 0.00000000 0.00000000 0.00000000 0.00000000 0.00000000 0.00000000 0.00000000 0.00000000 8.79386613 0.68355722 0.38265261 -0.38318679 -0.77560858 -1.76060724 -1.49847010 0.00000000 -1.46417538 -0.07642854 0.56757354 1.05627381
0.00000000 0.00000000 0.00000000 0.00000000 0.00000000 0.00000000 0.00000000 0.00000000 0.00000000 0.00000000 0.00000000 0.00000000 0.00000000 0.00000000 0.00000000 0.00000000 0.00000000 0.00000000 0.00000000 0.00000000 0.00000000 0.00000000 0.00000000 0.00000000 0.00000000 0.00000000 0.00000000 0.00000000 0.00000000 0.00000000 0.00000000 0.00000000 0.00000000 0.00000000 0.00000000 0.00000000 0.00000000 0.00000000 0.00000000 -0.57327910 -1.81314496 1.29503949 -1.82611511 0.21978732 0.97659140 0.52488549 1.79871470 -0.62120659 0.34353342 -1.66880375
0.00000000 0.00000000 0.00000000 0.00000000 0.00000000 0.00000000 0.00000000 0.00000000 0.00000000 0.00000000 0.00000000 0.00000000 0.00000000 0.00000000 0.00000000 0.00000000 0.00000000 0.00000000 0.00000000 0.00000000 0.00000000 0.00000000 0.00000000 0.00000000 0.00000000 0.00000000 0.00000000 0.00000000 0.00000000 0.00000000 0.00000000 0.00000000 0.00000000 0.00000000 0.00000000 0.00000000 0.00000000 0.00000000 0.00000000 0.00000000 -0.36304708 0.23918635 1.25319520 -1.19358194 -0.95614200 0.80162256 -0.98447213 -0.96301810 1.74206115 1.99417212
0.00000000 0.00000000 0.00000000 0.00000000 0.00000000 0.00000000 0.00000000 0.00000000 0.00000000 0.00000000 0.00000000 0.00000000 0.00000000 0.00000000 0.00000000 0.00000000 0.00000000 0.00000000 0.00000000 0.00000000 0.00000000 0.00000000 0.00000000 0.00000000 0.00000000 0.00000000 0.00000000 0.00000000 0.00000000 0.00000000 0.00000000 0.00000000 0.00000000 0.00000000 0.00000000 0.00000000 0.00000000 0.00000000 0.00000000 0.00000000 0.00000000 1.76287232 -1.37920628 1.60064955 0.21090594 -1.84559543 0.34201086 0.56619860 -1.86481721 1.03076769
0.00000000 0.00000000 0.00000000 0.00000000 0.00000000 0.00000000 0.00000000 0.00000000 0.00000000 0.00000000 0.00000000 0.00000000 0.00000000 0.00000000 0.00000000 0.00000000 0.00000000 0.00000000 0.00000000 0.00000000 0.00000000 0.00000000 0.00000000 0.00000000 0.00000000 0.00000000 0.00000000 0.00000000 0.00000000 0.00000000 0.00000000 0.00000000 0.00000000 0.00000000 0.00000000 0.00000000 0.00000000 0.00000000 0.00000000 0.00000000 0.00000000 0.00000000 2.44051997 1.27120057 -1.71342703 0.59359976 -0.17381008 -1.04511485 -0.16531847 -1.36244116
0.00000000 0.00000000 0.00000000 0.00000000 0.00000000 0.00000000 0.00000000 0.00000000 0.00000000 0.00000000 0.00000000 0.00000000 0.00000000 0.00000000 0.00000000 0.00000000 0.00000000 0.00000000 0.00000000 0.00000000 0.00000000 0.00000000 0.00000000 0.00000000 0.00000000 0.00000000 0.00000000 0.00000000 0.00000000 0.00000000 0.00000000 0.00000000 0.00000000 0.00000000 0.00000000 0.00000000 0.00000000 0.00000000 0.00000000 0.00000000 0.00000000 0.00000000 0.00000000 -3.40669224 -0.66533637 0.62082920 -0.09405778 0.22368038 0.17377118 1.28237696
0.00000000 0.00000000 0.00000000 0.00000000 0.00000000 0.00000000 0.00000000 0.00000000 0.00000000 0.00000000 0.00000000 0.00000000 0.00000000 0.00000000 0.00000000 0.00000000 0.00000000 0.00000000 0.00000000 0.00000000 0.00000000 0.00000000 0.00000000 0.00000000 0.00000000 0.00000000 0.00000000 0.00000000 0.00000000 0.00000000 0.00000000 0.00000000 0.00000000 0.00000000 0.00000000 0.00000000 0.00000000 0.00000000 0.00000000 0.00000000 0.00000000 0.00000000 0.00000000 0.00000000 -0.73450089 -0.62646881 1.25184836 -1.68005165 -0.28906782 -0.59071953
0.00000000 0.00000000 0.00000000 0.00000000 0.00000000 0.00000000 0.00000000 0.00000000 0.00000000 0.00000000 0.00000000 0.00000000 0.00000000 0.00000000 0.00000000 0.00000000 0.00000000 0.00000000 0.00000000 0.00000000 0.00000000 0.00000000 0.00000000 0.00000000 0.00000000 0.00000000 0.00000000 0.00000000 0.00000000 0.00000000 0.00000000 0.00000000 0.00000000 0.00000000 0.00000000 0.00000000 0.00000000 0.00000000 0.00000000 0.00000000 0.00000000 0.00000000 0.00000000 0.00000000 0.00000000 -5.91770312 -0.19367745 1.33403928 0.00000000 0.04959760
0.00000000 0.00000000 0.00000000 0.00000000 0.00000000 0.00000000 0.00000000 0.00000000 0.00000000 0.00000000 0.00000000 0.00000000 0.00000000 0.00000000 0.00000000 0.00000000 0.00000000 0.00000000 0.00000000 0.00000000 0.00000000 0.00000000 0.00000000 0.00000000 0.00000000 0.00000000 0.00000000 0.00000000 0.00000000 0.00000000 0.00000000 0.00000000 0.00000000 0.00000000 0.00000000 0.00000000 0.00000000 0.00000000 0.00000000 0.00000000 0.00000000 0.00000000 0.00000000 0.00000000 0.00000000 0.00000000 -0.60253517 1.94898659 1.44584288 -1.52461302
0.00000000 0.00000000 0.00000000 0.00000000 0.00000000 0.00000000 0.00000000 0.00000000 0.00000000 0.00000000 0.00000000 0.00000000 0.00000000 0.00000000 0.00000000 0.00000000 0.00000000 0.00000000 0.00000000 0.00000000 0.00000000 0.00000000 0.00000000 0.00000000 0.00000000 0.00000000 0.00000000 0.00000000 0.00000000 0.00000000 0.00000000 0.00000000 0.00000000 0.00000000 0.00000000 0.00000000 0.00000000 0.00000000 0.00000000 0.00000000 0.00000000 0.00000000 0.00000000 0.00000000 0.00000000 0.00000000 0.00000000 0.58795688 -0.73243386 -1.90909799
0.00000000 0.00000000 0.00000000 0.00000000 0.00000000 0.00000000 0.00000000 0.00000000 0.00000000 0.00000000 0.00000000 0.00000000 0.00000000 0.00000000 0.00000000 0.00000000 0.00000000 0.00000000 0.00000000 0.00000000 0.00000000 0.00000000 0.00000000 0.00000000 0.00000000 0.00000000 0.00000000 0.00000000 0.00000000 0.00000000 0.00000000 0.00000000 0.00000000 0.00000000 0.00000000 0.00000000 0.00000000 0.00000000 0.00000000 0.00000000 0.00000000 0.00000000 0.00000000 0.00000000 0.00000000 0.00000000 0.00000000 0.00000000 -7.09520314 0.93501369
0.00000000 0.00000000 0.00000000 0.00000000 0.00000000 0.00000000 0.00000000 0.00000000 0.00000000 0.00000000 0.00000000 0.00000000 0.00000000 0.00000000 0.00000000 0.00000000 0.00000000 0.00000000 0.00000000 0.00000000 0.00000000 0.00000000 0.00000000 0.00000000 0.00000000 0.00000000 0.00000000 0.00000000 0.00000000 0.00000000 0.00000000 0.00000000 0.00000000 0.00000000 0.00000000 0.00000000 0.00000000 0.00000000 0.00000000 0.00000000 0.00000000 0.00000000 0.00000000 0.00000000 0.00000000 0.00000000 0.00000000 0.00000000 0.00000000 4.40067239
