-0.06935420 -0.16557316 1.51147161 -1.87261408 -0.87029542 0.00000000 1.84716468 0.65727494 -1.48651052 -0.60644307 1.51899727 -0.23695112 -1.88547189 1.58472668 -1.48050371 0.56506432 0.47831943 0.00000000 -0.15733567 1.84794066 -1.29379014 0.00000000 0.41897956 -1.54558491 1.86239115 -1.42077348 0.05220773 1.33046393 1.53299886 -1.60973524 1.50914467 1.37060385 -0.73694549 1.02591224 -1.09170846 -1.38471224 -1.34958546 0.00000000 -0.76501755 1.30499167 -0.15271554 1.95615706 1.57536902 -1.15815662 -0.26632954 -1.74240675 0.33488244 0.43710735 0.34128684 -1.64558752
0.00000000 1.62316833 0.44545699 0.00000000 -1.55094090 1.36407737 -0.15460919 -1.60284533 1.91421463 1.77610573 -0.67289753 1.71838240 -0.85990641 0.13331145 0.29149720 1.16194663 -1.72068623 -1.85146270 -1.40530272 -0.46050104 1.18545368 0.89313347 -1.56845904 0.93746145 -1.24139081 -1.92275025 -0.08312876 1.63938204 0.00000000 1.62408046 -0.23877094 1.19344678 -1.22521269 -1.36159199 1.83347148 0.68453908 -1.30883587 -0.65057063 1.09120391 -1.76995223 -1.25337308 1.21472816 -1.05511253 -0.32329319 -0.27870697 -0.09515642 -0.76099797 -1.00603729 1.20386221 1.03597407
0.00000000 0.00000000 2.97182556 1.78653993 -1.83264024 -1.36840908 1.41048724 -0.75020561 1.17110548 -0.78705021 -0.42554427 0.67957132 -0.29483791 0.10029264 -1.85575978 1.41902107 0.47561939 -0.97542144 -0.10057723 0.55555712 1.73178999 -1.91226710 1.70426721 0.35336029 -1.83559455 -0.53813919 0.89859118 0.00000000 -1.55009881 0.35418655 0.24292293 0.29855579 -1.89346640 -1.92340457 1.85958061 -1.33993537 -1.25557826 0.27660096 -1.92743502 0.92885203 1.05622003 -0.65437565 0.00000000 0.40780993 -0.06590971 0.74514609 -1.29748132 -1.88356738 -1.62179580 1.73283736
0.00000000 0.00000000 0.00000000 0.62669836 1.94200854 -0.94201610 0.92040558 -1.07560067 0.39453446 -0.44016882 0.24111223 1.63975918 1.49551792 1.72837331 1.32305067 -0.09074792 -1.19944261 1.31464175 0.58327489 -1.42447859 -0.42790307 -1.78997712 1.10558719 1.75213112 -1.96182114 0.52137989 1.58550995 1.57259728 0.91934539 -1.51943501 0.24554750 -0.63877221 0.31963902 -0.56955749 -1.15731532 0.38295307 -1.53612749 -1.46412697 0.48151157 0.95911785 -1.52519924 -1.72824090 -0.29684426 -1.63058588 1.77463106 -0.82243120 -1.94551983 -0.06465571 0.15476337 -0.27374785
0.00000000 0.00000000 0.00000000 0.00000000 6.89855830 0.30239823 -1.70558916 -1.36797049 0.38537016 -1.86490382 -0.23924614 -1.04520445 1.02489881 0.09379074 0.40332073 -0.81147061 -0.02529384 -0.11791068 -0.10978198 0.42952583 -0.01293461 1.02942241 -0.32788814 -1.08899553 -1.80252778 -1.71659939 -1.95092785 -1.66082861 0.78590815 0.59580694 -0.79129833 1.35480388 -1.02578060 -0.38945275 0.78120808 0.00000000 -1.20138590 -0.32573474 -0.79854393 0.79287672 -1.31486517 -0.29753280 0.87454295 0.76860790 1.81466918 -0.35544781 0.29574433 -1.19929167 -0.69846867 1.02773180
0.00000000 0.00000000 0.00000000 0.00000000 0.00000000 5.55908486 1.78670010 -0.45900684 -1.57339755 0.72767652 -1.66124005 -0.93113634 -1.77442808 0.54618160 1.07561112 -1.49626778 0.90927231 -0.69768888 -0.28127974 0.24706133 0.01706962 0.25139918 -0.70031534 -0.06759631 1.55441048 -1.16238574 -0.10013846 -1.00497520 -0.64285265 -1.18937536 1.20763033 -0.14402294 -1.84088248 1.25824357 -0.24402307 -1.28610243 0.34385520 -1.42407668 0.17414006 0.84654473 -0.43010746 -0.81223981 -0.41734219 -1.41252747 0.68883838 -0.76326406 -1.19123316 1.44599626 1.43049762 -1.27744251
0.00000000 0.00000000 0.00000000 0.00000000 0.00000000 0.00000000 1.28690725 0.57370282 -1.35445760 -0.90943625 -0.42790373 -1.70964437 -1.95067820 1.27394404 -0.55850304 -0.63663440 -1.33521564 1.50444452 1.21274664 -1.61815512 1.70831997 -1.03056450 -1.75530538 -0.42102094 0.59505992 -1.88296809 -1.10853649 -1.00721081 -0.15414918 -1.10116664 0.85898283 1.20735930 1.16437105 -1.78833448 0.06413483 1.41535207 -0.01252867 0.12151418 1.37738064 0.93945682 -1.33094479 -1.39625042 1.53118656 -0.79861176 0.13618888 0.62839148 -0.53536724 0.20875126 1.37543289 0.24849330
0.00000000 0.00000000 0.00000000 0.00000000 0.00000000 0.00000000 0.00000000 0.21539702 -0.14854154 -1.02082559 0.64593241 -1.20426362 1.42023326 1.02466072 1.39453431 0.30588439 1.69908244 -1.09215368 1.75034629 1.56239089 0.61657816 -1.79450540 -0.94391768 -1.12450185 0.30849760 -0.00897057 1.16525200 0.20670159 0.00000000 -0.27076188 -1.13981622 0.73136566 0.00645245 0.22533938 0.00000000 0.01107456 -1.67623468 -1.56100477 -1.24095703 1.82381336 0.29060537 -0.82139469 -0.18713726 -0.74484074 -1.49282950 1.99489452 0.25240128 1.73686051 0.89361266 0.00000000
0.00000000 0.00000000 0.00000000 0.00000000 0.00000000 0.00000000 0.00000000 0.00000000 3.15271086 -1.71271482 -0.17075790 -0.39352217 0.52162522 1.39013912 -0.27691088 -0.18599198 1.51768796 0.47980360 -0.36611044 -1.99694799 1.88130353 -0.12666309 0.88351258 1.18573199 -1.42460907 -1.60873762 0.53312614 1.49770813 0.01938921 -1.46773765 -0.79805291 -1.49197315 -1.31325059 -0.37476834 -0.33515706 -0.33491030 1.17725697 -0.12416589 -0.23734965 -1.08257961 -1.60784779 -0.71627743 0.48540505 -0.29228271 0.04564560 1.31330095 -1.35524121 0.81212811 1.51799638 -1.07493953
0.00000000 0.00000000 0.00000000 0.00000000 0.00000000 0.00000000 0.00000000 0.00000000 0.00000000 3.38081410 -0.05605108 -0.45984219 -0.43281483 0.95286485 0.37828463 -1.00349755 -1.42206995 0.50901746 -0.72803528 0.71030933 -0.72138765 0.41990942 -0.09040297 0.13614567 -0.99202077 0.54610408 -1.16037248 0.73350359 -0.50097868 -1.22522667 0.17510798 -0.56138691 1.01024021 -0.02274680 1.42599984 -0.85601243 1.46941820 1.19809422 -0.47905223 -0.54700270 0.63918989 0.83836140 -1.47608868 -0.44227034 -1.35902107 1.31363001 0.75668446 0.43520100 -0.40481377 -0.63083907
0.00000000 0.00000000 0.00000000 0.00000000 0.00000000 0.00000000 0.00000000 0.00000000 0.00000000 0.00000000 3.15364758 1.09354168 -1.90550167 -1.35530746 -0.36753750 1.58717683 -1.52606290 1.46012114 -1.74315716 0.22299439 -1.54793498 1.36017304 -1.75246652 0.56136358 -1.59948946 1.32834433 -1.83079429 1.45368929 1.23300537 1.42431770 0.43472362 -0.66585391 0.27916111 -1.55851507 1.26049658 0.00000000 -0.49800882 0.17575024 1.46837865 1.28127462 0.36439536 -1.75699369 -1.51626141 -1.46135417 -0.65707374 -1.36951686 -1.63893031 1.22634026 1.96635040 -0.49053466
0.00000000 0.00000000 0.00000000 0.00000000 0.00000000 0.00000000 0.00000000 0.00000000 0.00000000 0.00000000 0.00000000 1.98665916 0.99887258 0.34416147 -0.44551487 -1.64615384 0.52927469 0.16102975 1.22319070 0.76551680 -1.02554666 1.14915053 -0.19308517 -0.19121715 0.63848164 -0.92606289 0.56571761 -1.45733041 -1.95336010 -1.66615910 0.05890693 0.00000000 0.00000000 0.75396011 0.19863359 0.40761193 -1.28576482 -1.79179332 1.56911290 -0.24436779 0.12755065 -1.72302221 0.00000000 -0.90151881 1.75758346 0.73752333 -1.90870381 1.92514508 1.92975396 -1.60558543
0.00000000 0.00000000 0.00000000 0.00000000 0.00000000 0.00000000 0.00000000 0.00000000 0.00000000 0.00000000 0.00000000 0.00000000 1.01328341 0.79533249 -1.20613785 0.08037293 1.66548242 0.56544013 0.01406780 0.09963193 -1.66680660 1.96435178 -0.86301298 0.58733616 1.04814867 -1.37055377 1.02413458 0.33043250 -1.77872492 1.78864898 -0.53156904 -1.51586699 -1.75635555 -0.61692440 -0.55560923 0.53838618 0.00000000 0.00000000 1.58543566 -1.16342125 0.00000000 0.60242235 -0.47762295 -0.33497548 -1.50832934 1.00927771 1.40069604 0.50440405 0.94533228 0.41250006
0.00000000 0.00000000 0.00000000 0.00000000 0.00000000 0.00000000 0.00000000 0.00000000 0.00000000 0.00000000 0.00000000 0.00000000 0.00000000 -12.85308092 0.10815539 0.33506249 -1.49011326 -1.04463346 0.00000000 0.34183799 1.99778761 1.94799136 1.11044028 0.00000000 -0.45187659 1.88967288 0.38892144 1.00987860 0.73292753 0.81973159 0.00503589 -1.94173670 0.52950324 0.65739461 0.83411578 1.38473740 0.00733854 0.36896804 -0.36244535 1.98281140 -1.63162673 1.72251184 0.00000000 0.10298114 -0.36143375 1.96506050 1.41963345 1.17130132 0.39827844 1.14547728
0.00000000 0.00000000 0.00000000 0.00000000 0.00000000 0.00000000 0.00000000 0.00000000 0.00000000 0.00000000 0.00000000 0.00000000 0.00000000 0.00000000 -2.36572346 1.08405353 0.35617619 -1.71316721 -1.87360690 1.09885501 1.72283701 -1.50887458 -0.28694672 0.17145156 0.06008972 1.24187333 0.24942427 0.88443486 -1.78869293 1.81084443 0.82844012 0.59557712 1.38344740 -0.05725361 -0.69943722 -0.40294162 -0.55911250 -1.81076947 1.25185626 0.69006714 -0.82862937 -0.55003975 1.36929980 -0.37938246 1.16887540 1.73091137 -0.67146932 0.00000000 1.37966960 0.00000000
0.00000000 0.00000000 0.00000000 0.00000000 0.00000000 0.00000000 0.00000000 0.00000000 0.00000000 0.00000000 0.00000000 0.00000000 0.00000000 0.00000000 0.00000000 -2.24480656 1.40817331 1.70148075 -1.64917816 -1.08328824 0.00000000 0.89457765 -1.90367766 -1.38739794 0.58382525 -0.43641943 1.61182018 -1.52329035 -1.22922939 0.21909308 1.50457624 -1.21518656 0.69397665 -0.45332736 -1.91873102 -1.30586175 0.69401772 -0.92060833 1.80473990 1.15118423 1.80442056 -1.31742719 0.58737228 1.02919577 0.05745044 1.83699468 1.03378551 1.66162224 -0.88059229 0.76770426
0.00000000 0.00000000 0.00000000 0.00000000 0.00000000 0.00000000 0.00000000 0.00000000 0.00000000 0.00000000 0.00000000 0.00000000 0.00000000 0.00000000 0.00000000 0.00000000 0.95034153 -1.42147222 -1.17012749 0.00000000 0.50259047 1.42151036 0.17561058 0.07120388 0.51995825 0.99221324 -0.06321631 -0.36694623 0.51678341 0.84681944 1.03209211 -1.70044385 -0.12611364 -0.60776357 0.77544167 -1.31115414 -1.50406661 0.62338431 0.01086664 0.16567333 -1.06035377 -1.04913455 -0.05143371 -1.98249602 -0.32484055 1.84185676 0.32913630 0.29233492 0.40120024 0.00000000
0.00000000 0.00000000 0.00000000 0.00000000 0.00000000 0.00000000 0.00000000 0.00000000 0.00000000 0.00000000 0.00000000 0.00000000 0.00000000 0.00000000 0.00000000 0.00000000 0.00000000 -0.75777397 0.44068031 -1.54860387 0.20872984 1.06735415 1.03628523 -0.53920940 0.93870906 0.36267606 0.47744773 1.72042570 0.84081227 1.01750822 -0.13133336 0.98713984 -0.14501909 1.06901067 -1.89904349 0.18941952 1.34198046 -1.75867195 0.29321615 -1.13399481 -1.73563339 -0.18999113 -1.69708607 0.68881602 1.97278808 0.67350794 0.07110434 -1.55634792 -0.91982032 0.59062233
0.00000000 0.00000000 0.00000000 0.00000000 0.00000000 0.00000000 0.00000000 0.00000000 0.00000000 0.00000000 0.00000000 0.00000000 0.00000000 0.00000000 0.00000000 0.00000000 0.00000000 0.00000000 3.57198513 -0.64276088 0.00000000 1.38556176 0.66910629 -1.16113077 0.00000000 1.51137180 -1.63779707 -0.97946045 1.33322412 0.74139903 -1.53392540 -1.88676085 -1.64913358 1.27735707 0.32756717 1.32419107 1.56133308 -0.73352375 -0.97264736 -0.23400017 0.32383791 -1.93393378 -1.42527110 -1.58341094 0.06740971 1.42966522 -1.76721819 0.91183270 0.50643519 1.98689806
0.00000000 0.00000000 0.00000000 0.00000000 0.00000000 0.00000000 0.00000000 0.00000000 0.00000000 0.00000000 0.00000000 0.00000000 0.00000000 0.00000000 0.00000000 0.00000000 0.00000000 0.00000000 0.00000000 6.92472890 0.00000000 -1.74529276 -1.56716392 0.37561149 1.94897651 -1.76223355 1.24342597 -1.88664730 -0.24755755 -1.08837184 -1.19207289 -0.51845313 -0.26909386 -0.76474097 0.95239747 0.24209478 0.37549310 -0.91169281 -1.94216996 -0.38385810 -1.67919678 -0.94085818 -0.01811546 1.52982941 -1.29832685 -1.26426148 -1.92618681 1.08997968 0.99624445 -0.30410201
0.00000000 0.00000000 0.00000000 0.00000000 0.00000000 0.00000000 0.00000000 0.00000000 0.00000000 0.00000000 0.00000000 0.00000000 0.00000000 0.00000000 0.00000000 0.00000000 0.00000000 0.00000000 0.00000000 0.00000000 -1.64339166 1.91091495 -1.03685375 -0.00078541 0.39143737 -0.68568374 0.14156234 1.22238379 -0.90200647 -1.99130599 -0.19918204 1.67548113 0.00000000 -0.54431017 -1.68658485 0.22059203 1.54493103 1.03717074 -1.45505532 -1.23528527 -0.41225461 -1.40873299 0.65927059 -1.41720027 1.67700972 1.78493186 -0.98354382 -0.76960000 1.39439962 -0.52107332
0.00000000 0.00000000 0.00000000 0.00000000 0.00000000 0.00000000 0.00000000 0.00000000 0.00000000 0.00000000 0.00000000 0.00000000 0.00000000 0.00000000 0.00000000 0.00000000 0.00000000 0.00000000 0.00000000 0.00000000 0.00000000 -3.88037310 0.74282756 -0.57119512 1.15834886 0.19805966 1.28507046 0.48444866 0.00000000 -0.96108515 0.88178079 -0.09653618 1.05056425 -1.40761959 -1.79323197 0.78350791 1.90742466 0.33259311 0.00000000 0.31505400 -1.48999396 -0.37288811 0.67253541 -0.68315340 0.84029829 0.65830144 -0.62545875 -0.91098746 0.00000000 -0.42522467
0.00000000 0.00000000 0.00000000 0.00000000 0.00000000 0.00000000 0.00000000 0.00000000 0.00000000 0.00000000 0.00000000 0.00000000 0.00000000 0.00000000 0.00000000 0.00000000 0.00000000 0.00000000 0.00000000 0.00000000 0.00000000 0.00000000 3.96110023 0.68989673 0.86009979 -0.03985886 -0.57240323 -1.08599167 0.00000000 -1.30830863 0.33311686 0.98196954 0.04113496 0.91064648 -0.29929160 0.10122834 1.89746518 -0.94172270 -1.53525987 -1.71677129 -0.57278400 0.00000000 -0.87975295 -1.43337079 -0.76853401 -0.17427823 0.50261471 1.82434859 -0.87993548 1.28642047
0.00000000 0.00000000 0.00000000 0.00000000 0.00000000 0.00000000 0.00000000 0.00000000 0.00000000 0.00000000 0.00000000 0.00000000 0.00000000 0.00000000 0.00000000 0.00000000 0.00000000 0.00000000 0.00000000 0.00000000 0.00000000 0.00000000 0.00000000 1.79787976 -1.22514384 0.10401189 -1.95437222 -1.84594330 -0.14075613 -1.90570025 0.01053766 1.90452625 0.12721926 0.96524663 -1.44201959 -0.13814498 -0.25599907 -1.83787174 1.99994350 -1.43578567 -0.32631438 -1.50687989 -0.47046515 0.00000000 0.91859923 1.76400978 1.66949298 1.45470096 1.58254696 -0.33425700
0.00000000 0.00000000 0.00000000 0.00000000 0.00000000 0.00000000 0.00000000 0.00000000 0.00000000 0.00000000 0.00000000 0.00000000 0.00000000 0.00000000 0.00000000 0.00000000 0.00000000 0.00000000 0.00000000 0.00000000 0.00000000 0.00000000 0.00000000 0.00000000 1.91719171 0.14604113 -1.96233650 1.96991240 0.56627129 0.00000000 -1.73433124 0.94019437 -1.02455614 -0.80608554 -1.72440725 0.60469867 -0.79808281 0.05268578 1.46291913 0.48876392 -0.54197619 -0.00350029 -0.81696909 -1.81787456 0.84592097 0.00000000 -1.69431667 0.88728319 1.70280259 -0.51140088
0.00000000 0.00000000 0.00000000 0.00000000 0.00000000 0.00000000 0.00000000 0.00000000 0.00000000 0.00000000 0.00000000 0.00000000 0.00000000 0.00000000 0.00000000 0.00000000 0.00000000 0.00000000 0.00000000 0.00000000 0.00000000 0.00000000 0.00000000 0.00000000 0.00000000 -0.14396071 1.72970635 -0.08905334 1.27462236 -0.30465090 0.28715295 0.79477762 -0.90438681 1.81425652 0.34197767 -0.39094065 -1.51964329 0.52968245 0.40260757 -1.43660072 -1.31335493 -0.02639207 0.93980966 -1.47524813 1.86834223 1.66667678 0.07023264 0.79999182 0.64896076 1.21978316
0.00000000 0.00000000 0.00000000 0.00000000 0.00000000 0.00000000 0.00000000 0.00000000 0.00000000 0.00000000 0.00000000 0.00000000 0.00000000 0.00000000 0.00000000 0.00000000 0.00000000 0.00000000 0.00000000 0.00000000 0.00000000 0.00000000 0.00000000 0.00000000 0.00000000 0.00000000 1.52240639 -1.71397480 -1.17234251 1.13182299 0.78996419 0.03628405 -1.33322300 -0.50568990 -1.08092041 1.37654477 -1.07081182 1.96682467 1.79552051 1.76476758 0.99852185 -0.85403722 -1.28089319 0.54721720 -1.02686773 -0.23307356 -1.52847391 -0.23652697 -0.52280204 -1.42053780
0.00000000 0.00000000 0.00000000 0.00000000 0.00000000 0.00000000 0.00000000 0.00000000 0.00000000 0.00000000 0.00000000 0.00000000 0.00000000 0.00000000 0.00000000 0.00000000 0.00000000 0.00000000 0.00000000 0.00000000 0.00000000 0.00000000 0.00000000 0.00000000 0.00000000 0.00000000 0.00000000 1.85277019 -1.05850798 -1.90589364 -1.46540832 0.10562372 1.15111721 1.09087634 -0.46984299 0.76692972 -0.42914685 0.61270837 -1.92084547 -0.17209096 -1.48667915 -0.79296238 -0.48701945 1.27592948 -1.33503313 0.93468192 1.48588819 0.64884331 0.11699785 -1.80601609
0.00000000 0.00000000 0.00000000 0.00000000 0.00000000 0.00000000 0.00000000 0.00000000 0.00000000 0.00000000 0.00000000 0.00000000 0.00000000 0.00000000 0.00000000 0.00000000 0.00000000 0.00000000 0.00000000 0.00000000 0.00000000 0.00000000 0.00000000 0.00000000 0.00000000 0.00000000 0.00000000 0.00000000 3.23325541 -1.16913046 1.09956522 -0.75673224 -1.20535793 1.06335702 0.39123480 -0.75444085 -1.59808642 0.23166011 -0.23636494 -0.21556871 -1.77158980 -0.21762998 0.29650206 -0.39536470 0.55922161 -0.72296814 0.14968370 0.42090985 1.62944321 0.09911508
0.00000000 0.00000000 0.00000000 0.00000000 0.00000000 0.00000000 0.00000000 0.00000000 0.00000000 0.00000000 0.00000000 0.00000000 0.00000000 0.00000000 0.00000000 0.00000000 0.00000000 0.00000000 0.00000000 0.00000000 0.00000000 0.00000000 0.00000000 0.00000000 0.00000000 0.00000000 0.00000000 0.00000000 0.00000000 9.57929831 -0.39077012 0.00000000 -1.49449416 1.33765094 -0.71864732 -1.62574057 -0.05351086 -1.17014288 -1.78672433 0.00000000 -0.97715999 -1.87269051 0.35578512 1.63008374 0.90189002 -0.39199869 0.00000000 -1.92763087 -1.44039271 -1.22431842
0.00000000 0.00000000 0.00000000 0.00000000 0.00000000 0.00000000 0.00000000 0.00000000 0.00000000 0.00000000 0.00000000 0.00000000 0.00000000 0.00000000 0.00000000 0.00000000 0.00000000 0.00000000 0.00000000 0.00000000 0.00000000 0.00000000 0.00000000 0.00000000 0.00000000 0.00000000 0.00000000 0.00000000 0.00000000 0.00000000 3.82414852 -0.27792864 -0.31292875 -1.34933038 -0.62680442 -0.85897562 -0.34648734 -1.62030855 0.19030824 -0.12897245 1.23220959 -1.70326539 -1.48151412 0.32109909 -1.10717422 -1.72002402 0.35832937 -1.62253811 0.72308209 1.32422856
0.00000000 0.00000000 0.00000000 0.00000000 0.00000000 0.00000000 0.00000000 0.00000000 0.00000000 0.00000000 0.00000000 0.00000000 0.00000000 0.00000000 0.00000000 0.00000000 0.00000000 0.00000000 0.00000000 0.00000000 0.00000000 0.00000000 0.00000000 0.00000000 0.00000000 0.00000000 0.00000000 0.00000000 0.00000000 0.00000000 0.00000000 -6.56032047 1.61894598 1.19202736 -0.85215231 -0.59451242 1.99503172 -0.38220286 1.64948760 0.76575859 1.10912230 0.88851131 1.33402402 1.66833585 1.95974764 0.00000000 -0.73286672 -0.50867707 1.25680948 -0.01280417
0.00000000 0.00000000 0.00000000 0.00000000 0.00000000 0.00000000 0.00000000 0.00000000 0.00000000 0.00000000 0.00000000 0.00000000 0.00000000 0.00000000 0.00000000 0.00000000 0.00000000 0.00000000 0.00000000 0.00000000 0.00000000 0.00000000 0.00000000 0.00000000 0.00000000 0.00000000 0.00000000 0.00000000 0.00000000 0.00000000 0.00000000 0.00000000 7.92140957 -1.82031800 1.76435349 1.85729993 0.79739025 0.00000000 -1.53400835 -0.38983081 0.79489375 1.63316150 0.00540581 -1.88715510 -1.39141664 -1.88376707 -1.08428926 -0.67928392 -1.20696403 -1.93786270
0.00000000 0.00000000 0.00000000 0.00000000 0.00000000 0.00000000 0.00000000 0.00000000 0.00000000 0.00000000 0.00000000 0.00000000 0.00000000 0.00000000 0.00000000 0.00000000 0.00000000 0.00000000 0.00000000 0.00000000 0.00000000 0.00000000 0.00000000 0.00000000 0.00000000 0.00000000 0.00000000 0.00000000 0.00000000 0.00000000 0.00000000 0.00000000 0.00000000 3.29288268 0.41660661 1.73590744 -1.82581417 1.59296039 1.24547981 -1.28299723 0.12710058 0.52721910 0.00000000 -1.95732902 -1.71174981 -1.99918161 -1.72414390 0.35881734 0.19181513 0.00000000
0.00000000 0.00000000 0.00000000 0.00000000 0.00000000 0.00000000 0.00000000 0.00000000 0.00000000 0.00000000 0.00000000 0.00000000 0.00000000 0.00000000 0.00000000 0.00000000 0.00000000 0.00000000 0.00000000 0.00000000 0.00000000 0.00000000 0.00000000 0.00000000 0.00000000 0.00000000 0.00000000 0.00000000 0.00000000 0.00000000 0.00000000 0.00000000 0.00000000 0.00000000 2.95751802 -1.00685896 1.75024689 0.06685691 -1.18293914 -1.56466685 1.77490716 0.26706895 1.56478863 1.91176071 -1.64152088 0.00000000 -1.38289481 -1.18141472 -0.27935209 0.35669003
0.00000000 0.00000000 0.00000000 0.00000000 0.00000000 0.00000000 0.00000000 0.00000000 0.00000000 0.00000000 0.00000000 0.00000000 0.00000000 0.00000000 0.00000000 0.00000000 0.00000000 0.00000000 0.00000000 0.00000000 0.00000000 0.00000000 0.00000000 0.00000000 0.00000000 0.00000000 0.00000000 0.00000000 0.00000000 0.00000000 0.00000000 0.00000000 0.00000000 0.00000000 0.00000000 -1.84941163 0.57176007 -0.71760818 1.36498999 1.84272080 -0.85613255 1.75582724 0.30511367 1.23409089 1.57817352 -0.63323169 -1.63782434 0.06778560 -1.47642846 -0.13623744
0.00000000 0.00000000 0.00000000 0.00000000 0.00000000 0.00000000 0.00000000 0.00000000 0.00000000 0.00000000 0.00000000 0.00000000 0.00000000 0.00000000 0.00000000 0.00000000 0.00000000 0.00000000 0.00000000 0.00000000 0.00000000 0.00000000 0.00000000 0.00000000 0.00000000 0.00000000 0.00000000 0.00000000 0.00000000 0.00000000 0.00000000 0.00000000 0.00000000 0.00000000 0.00000000 0.00000000 0.40192695 1.30601534 -1.11149876 -0.94922258 -1.90332230 -0.52999784 -0.17675144 1.11609269 0.00704701 -0.34674491 0.58480787 1.93196958 1.01916793 0.89845216
0.00000000 0.00000000 0.00000000 0.00000000 0.00000000 0.00000000 0.00000000 0.00000000 0.00000000 0.00000000 0.00000000 0.00000000 0.00000000 0.00000000 0.00000000 0.00000000 0.00000000 0.00000000 0.00000000 0.00000000 0.00000000 0.00000000 0.00000000 0.00000000 0.00000000 0.00000000 0.00000000 0.00000000 0.00000000 0.00000000 0.00000000 0.00000000 0.00000000 0.00000000 0.00000000 0.00000000 0.00000000 3.07167573 0.00000000 0.96762936 -1.25800735 -0.61172286 0.96960861 1.95570053 0.11984844 -0.32570514 0.32199345 0.48446316 0.76071151 0.12525521
0.00000000 0.00000000 0.00000000 0.00000000 0.00000000 0.00000000 0.00000000 0.00000000 0.00000000 0.00000000 0.00000000 0.00000000 0.00000000 0.00000000 0.00000000 0.00000000 0.00000000 0.00000000 0.00000000 0.00000000 0.00000000 0.00000000 0.00000000 0.00000000 0.00000000 0.00000000 0.00000000 0.00000000 0.00000000 0.00000000 0.00000000 0.00000000 0.00000000 0.00000000 0.00000000 0.00000000 0.00000000 0.00000000 -3.45551688 -0.96458861 1.30441839 -0.87705390 -0.54449557 1.89283177 1.76789780 1.24401309 1.36744548 -0.01021914 0.00000000 0.00000000
0.00000000 0.00000000 0.00000000 0.00000000 0.00000000 0.00000000 0.00000000 0.00000000 0.00000000 0.00000000 0.00000000 0.00000000 0.00000000 0.00000000 0.00000000 0.00000000 0.00000000 0.00000000 0.00000000 0.00000000 0.00000000 0.00000000 0.00000000 0.00000000 0.00000000 0.00000000 0.00000000 0.00000000 0.00000000 0.00000000 0.00000000 0.00000000 0.00000000 0.00000000 0.00000000 0.00000000 0.00000000 0.00000000 0.00000000 0.21462920 -1.87899718 0.37122686 1.69934783 0.45988864 -0.76719431 -1.01075490 0.00000000 1.43978654 -0.07136811 -1.63099411
0.00000000 0.00000000 0.00000000 0.00000000 0.00000000 0.00000000 0.00000000 0.00000000 0.00000000 0.00000000 0.00000000 0.00000000 0.00000000 0.00000000 0.00000000 0.00000000 0.00000000 0.00000000 0.00000000 0.00000000 0.00000000 0.00000000 0.00000000 0.00000000 0.00000000 0.00000000 0.00000000 0.00000000 0.00000000 0.00000000 0.00000000 0.00000000 0.00000000 0.00000000 0.00000000 0.00000000 0.00000000 0.00000000 0.00000000 0.00000000 7.91039576 0.22654411 -1.10793182 1.29489292 -0.86763422 1.04380677 1.44029705 0.16049386 -1.25072611 0.63113204
0.00000000 0.00000000 0.00000000 0.00000000 0.00000000 0.00000000 0.00000000 0.00000000 0.00000000 0.00000000 0.00000000 0.00000000 0.00000000 0.00000000 0.00000000 0.00000000 0.00000000 0.00000000 0.00000000 0.00000000 0.00000000 0.00000000 0.00000000 0.00000000 0.00000000 0.00000000 0.00000000 0.00000000 0.00000000 0.00000000 0.00000000 0.00000000 0.00000000 0.00000000 0.00000000 0.00000000 0.00000000 0.00000000 0.00000000 0.00000000 0.00000000 6.03600860 1.31987946 1.69500118 0.59974453 -1.03723857 0.37021521 0.91037692 -0.20073041 -1.06753982
0.00000000 0.00000000 0.00000000 0.00000000 0.00000000 0.00000000 0.00000000 0.00000000 0.00000000 0.00000000 0.00000000 0.00000000 0.00000000 0.00000000 0.00000000 0.00000000 0.00000000 0.00000000 0.00000000 0.00000000 0.00000000 0.00000000 0.00000000 0.00000000 0.00000000 0.00000000 0.00000000 0.00000000 0.00000000 0.00000000 0.00000000 0.00000000 0.00000000 0.00000000 0.00000000 0.00000000 0.00000000 0.00000000 0.00000000 0.00000000 0.00000000 0.00000000 1.27796591 0.16894732 1.84534496 -1.60244396 -1.73516619 -1.56803142 -1.05788627 0.71216563
0.00000000 0.00000000 0.00000000 0.00000000 0.00000000 0.00000000 0.00000000 0.00000000 0.00000000 0.00000000 0.00000000 0.00000000 0.00000000 0.00000000 0.00000000 0.00000000 0.00000000 0.00000000 0.00000000 0.00000000 0.00000000 0.00000000 0.00000000 0.00000000 0.00000000 0.00000000 0.00000000 0.00000000 0.00000000 0.00000000 0.00000000 0.00000000 0.00000000 0.00000000 0.00000000 0.00000000 0.00000000 0.00000000 0.00000000 0.00000000 0.00000000 0.00000000 0.00000000 1.25993148 0.12253846 -0.42362348 -1.18470999 1.09792683 1.25735039 -0.57605483
0.00000000 0.00000000 0.00000000 0.00000000 0.00000000 0.00000000 0.00000000 0.00000000 0.00000000 0.00000000 0.00000000 0.00000000 0.00000000 0.00000000 0.00000000 0.00000000 0.00000000 0.00000000 0.00000000 0.00000000 0.00000000 0.00000000 0.00000000 0.00000000 0.00000000 0.00000000 0.00000000 0.00000000 0.00000000 0.00000000 0.00000000 0.00000000 0.00000000 0.00000000 0.00000000 0.00000000 0.00000000 0.00000000 0.00000000 0.00000000 0.00000000 0.00000000 0.00000000 0.00000000 -1.63942569 0.00000000 -0.83760713 -1.91563985 0.01546925 -0.84914952
0.00000000 0.00000000 0.00000000 0.00000000 0.00000000 0.00000000 0.00000000 0.00000000 0.00000000 0.00000000 0.00000000 0.00000000 0.00000000 0.00000000 0.00000000 0.00000000 0.00000000 0.00000000 0.00000000 0.00000000 0.00000000 0.00000000 0.00000000 0.00000000 0.00000000 0.00000000 0.00000000 0.00000000 0.00000000 0.00000000 0.00000000 0.00000000 0.00000000 0.00000000 0.00000000 0.00000000 0.00000000 0.00000000 0.00000000 0.00000000 0.00000000 0.00000000 0.00000000 0.00000000 0.00000000 -2.51926868 -0.31869669 -1.93383897 1.25473224 -1.36272288
0.00000000 0.00000000 0.00000000 0.00000000 0.00000000 0.00000000 0.00000000 0.00000000 0.00000000 0.00000000 0.00000000 0.00000000 0.00000000 0.00000000 0.00000000 0.00000000 0.00000000 0.00000000 0.00000000 0.00000000 0.00000000 0.00000000 0.00000000 0.00000000 0.00000000 0.00000000 0.00000000 0.00000000 0.00000000 0.00000000 0.00000000 0.00000000 0.00000000 0.00000000 0.00000000 0.00000000 0.00000000 0.00000000 0.00000000 0.00000000 0.00000000 0.00000000 0.00000000 0.00000000 0.00000000 0.00000000 6.32273537 -0.21099867 1.98256438 1.83623610
0.00000000 0.00000000 0.00000000 0.00000000 0.00000000 0.00000000 0.00000000 0.00000000 0.00000000 0.00000000 0.00000000 0.00000000 0.00000000 0.00000000 0.00000000 0.00000000 0.00000000 0.00000000 0.00000000 0.00000000 0.00000000 0.00000000 0.00000000 0.00000000 0.00000000 0.00000000 0.00000000 0.00000000 0.00000000 0.00000000 0.00000000 0.00000000 0.00000000 0.00000000 0.00000000 0.00000000 0.00000000 0.00000000 0.00000000 0.00000000 0.00000000 0.00000000 0.00000000 0.00000000 0.00000000 0.00000000 0.00000000 -2.96503923 -0.78092272 -0.45041396
0.00000000 0.00000000 0.00000000 0.00000000 0.00000000 0.00000000 0.00000000 0.00000000 0.00000000 0.00000000 0.00000000 0.00000000 0.00000000 0.00000000 0.00000000 0.00000000 0.00000000 0.00000000 0.00000000 0.00000000 0.00000000 0.00000000 0.00000000 0.00000000 0.00000000 0.00000000 0.00000000 0.00000000 0.00000000 0.00000000 0.00000000 0.00000000 0.00000000 0.00000000 0.00000000 0.00000000 0.00000000 0.00000000 0.00000000 0.00000000 0.00000000 0.00000000 0.00000000 0.00000000 0.00000000 0.00000000 0.00000000 0.00000000 -8.28882225 -0.70692619
0.00000000 0.00000000 0.00000000 0.00000000 0.00000000 0.00000000 0.00000000 0.00000000 0.00000000 0.00000000 0.00000000 0.00000000 0.00000000 0.00000000 0.00000000 0.00000000 0.00000000 0.00000000 0.00000000 0.00000000 0.00000000 0.00000000 0.00000000 0.00000000 0.00000000 0.00000000 0.00000000 0.00000000 0.00000000 0.00000000 0.00000000 0.00000000 0.00000000 0.00000000 0.00000000 0.00000000 0.00000000 0.00000000 0.00000000 0.00000000 0.00000000 0.00000000 0.00000000 0.00000000 0.00000000 0.00000000 0.00000000 0.00000000 0.00000000 2.41929772
