0.49276251 -0.16557316 1.51147161 -1.87261408 -0.87029542 0.00000000 1.84716468 0.65727494 -1.48651052 -0.60644307
0.00000000 -0.18930391 1.51899727 -0.23695112 -1.88547189 1.58472668 -1.48050371 0.56506432 0.47831943 0.00000000
0.00000000 0.00000000 -2.08153477 -0.15733567 1.84794066 -1.29379014 0.00000000 0.41897956 -1.54558491 1.86239115
0.00000000 0.00000000 0.00000000 0.43629720 -1.42077348 0.05220773 1.33046393 1.53299886 -1.60973524 1.50914467
0.00000000 0.00000000 0.00000000 0.00000000 1.57272512 1.37060385 -0.73694549 1.02591224 -1.09170846 -1.38471224
0.00000000 0.00000000 0.00000000 0.00000000 0.00000000 -0.45206840 -1.34958546 0.00000000 -0.76501755 1.30499167
0.00000000 0.00000000 0.00000000 0.00000000 0.00000000 0.00000000 -1.49470225 -0.15271554 1.95615706 1.57536902
0.00000000 0.00000000 0.00000000 0.00000000 0.00000000 0.00000000 0.00000000 -1.31151411 -1.15815662 -0.26632954
0.00000000 0.00000000 0.00000000 0.00000000 0.00000000 0.00000000 0.00000000 0.00000000 3.48232178 -1.74240675
0.00000000 0.00000000 0.00000000 0.00000000 0.00000000 0.00000000 0.00000000 0.00000000 0.00000000 -1.12600245
