3.12308967 1.62255870 0.74501663 1.06603703 1.61846495 -0.96069021 0.54290348 1.61978278 1.48852150 0.29176268 -1.32248765 -0.35390775 0.00000000 1.97535205 -1.58700880 0.00000000 -0.72344340 1.80015643 -0.20239698 -1.16538971 -0.73238407 1.63454338 -0.65772476 -0.29051283 0.51073535 1.22234028 -0.03154566 -1.67413607 0.29283977 -1.85961139 -1.62190011 -1.23864984 0.77375289 -0.86611032 0.76099924 -1.34660221 -1.52921245 -1.90662109 0.82313485 1.43645057 -1.12133755 -1.04972252 -1.94807965 0.57943379 -0.79701569 -1.45251078 0.58749423 0.39893421 -0.21044579 -1.38794685
0.00000000 3.13660694 0.55468265 0.22275725 -0.26839593 -1.34131365 1.71533688 0.00000000 1.45268223 0.75921151 1.98400935 0.32144595 -0.62089022 -1.53460613 0.00000000 0.43074280 0.07795305 -0.25425159 1.97053940 1.35793019 -1.54067422 1.53685466 0.00000000 -1.99200079 0.60586491 -0.73869310 0.91913981 1.81014444 0.12139415 1.05167326 -1.78256211 0.66937936 -1.52981660 -0.17910535 -0.66589221 -1.70759080 0.98895490 -1.62694972 -0.97075401 -1.65632725 0.64911523 -0.79596419 -1.82271580 -1.89142209 -1.12145610 0.02656083 -1.95138642 -1.90485960 0.66628870 0.10919380
0.00000000 0.00000000 1.07316709 -1.45947686 -0.75162655 -1.49585946 -0.89983692 -0.44784239 -1.12799221 -1.20985932 -1.09442261 -0.79432574 0.22008831 1.54471356 0.59187711 -0.20592521 -1.98703420 -1.24575058 0.53682483 -0.37972716 1.38834322 1.63531544 -0.81407055 -0.54203371 -0.80711686 0.00000000 0.70582976 -1.60528976 -0.89510181 1.51406948 -0.50705913 1.87972827 -0.41639000 1.34768736 -0.14992181 -1.60250711 0.31059800 0.00000000 -1.15478096 1.67160791 0.80361702 0.11706820 1.69033244 0.00000000 0.18829008 1.86680005 0.85932112 -1.28415813 -0.82395185 1.38391527
0.00000000 0.00000000 0.00000000 6.75551557 -1.60045448 1.92618167 -1.83505195 0.99884412 0.47307592 -0.37564130 0.40500129 0.32904544 -0.56114969 -0.86816697 -1.80047697 0.62016908 1.52223178 -0.49619305 1.43204586 -0.41073968 0.00000000 -0.98253822 1.20270746 1.70580895 -1.63318263 1.48523875 -0.72341561 1.09780232 -0.82826845 1.96094855 -0.65339049 -1.17373819 -1.79046368 -1.46043521 -1.63502497 1.28001062 -1.91927294 -1.52819960 -1.04175185 -1.43326845 1.10239606 -1.97327870 0.72541095 -0.60035716 -1.41337487 -1.08112093 0.10570966 -1.01122186 -0.43535516 -0.44744400
0.00000000 0.00000000 0.00000000 0.00000000 -4.62911912 0.14424303 0.80876747 -0.83753936 0.43630736 0.85964948 -0.81399320 1.05662163 0.00000000 -1.66722472 -0.02657293 -0.58993582 -1.49742185 0.63677453 1.40735916 -0.06215542 -0.58589462 1.61915267 1.96274304 0.51414713 0.24500534 0.55639886 0.81248411 0.72995838 0.15559011 1.00924972 0.98605523 0.58137718 0.11628286 -0.51814618 -1.14429830 0.03064000 -0.77180750 0.00000000 -0.11637370 -1.28271437 1.62315002 -1.48465633 1.51754308 0.26716583 1.64094338 1.52682459 -1.31667273 -0.90153103 1.98663243 0.64612166
0.00000000 0.00000000 0.00000000 0.00000000 0.00000000 5.77245901 -1.65989765 -0.94421854 -1.61637437 -0.78309911 -1.69696884 0.00000000 -1.84219505 -1.82268594 -0.10986169 0.85110196 0.03378292 0.68239540 0.61548793 -1.46119536 0.81954128 0.00927960 -0.32446870 1.84553358 -0.17762803 0.74193886 1.10965033 -0.06538892 -1.38689345 -1.24025654 -0.84152442 -1.23871999 -0.39603742 -1.72787518 1.07639026 1.07477734 0.54559524 -1.54176105 -1.13034136 1.59521469 1.49726692 0.91012681 1.47645834 -1.17178570 -0.84433842 -0.25713414 -0.10665011 -0.54383458 -1.02076013 1.24987379
0.00000000 0.00000000 0.00000000 0.00000000 0.00000000 0.00000000 0.16303810 -1.26492052 0.28817908 1.25702120 -1.39666158 -0.65906138 -0.48922121 -0.85945050 1.66585549 1.51400008 -1.48528050 -1.73459088 0.37964168 0.01675691 -1.85297537 1.45881040 1.50459458 0.25026425 -1.64144482 -1.23192532 1.34802538 0.00000000 0.00000000 0.73980434 -0.22218402 1.73967960 -1.82629234 0.73527623 1.32606185 1.30253371 -1.61764665 0.81677489 0.25541451 0.51285044 -1.36699810 1.85240395 1.87277562 -1.53085860 0.20284640 0.14335515 -0.21750947 -0.65649087 -1.04924019 0.92152909
0.00000000 0.00000000 0.00000000 0.00000000 0.00000000 0.00000000 0.00000000 1.88009545 0.04099640 -0.19472941 0.02839315 -0.85685444 1.59335000 1.07143198 -0.94859582 -0.77086708 0.13317407 0.53490537 1.60227227 1.71357824 -1.74765898 1.46264411 -1.94460571 0.31149905 1.08642613 -1.28725039 -1.08498551 -1.71433512 -0.23451840 1.33608681 -1.99648814 1.02218310 -0.44332622 1.74423131 0.24431452 -0.15120896 -0.85395814 1.39293292 -0.14265877 0.00000000 0.78966987 0.00000000 0.64384946 1.27545019 -0.81594818 -1.58094861 -1.24419984 0.48735910 -1.52364529 -1.86226204
0.00000000 0.00000000 0.00000000 0.00000000 0.00000000 0.00000000 0.00000000 0.00000000 -1.70288524 -0.59199547 0.65212164 -1.27815860 -0.82886297 -1.50363940 1.91936154 1.63858323 0.00000000 1.94708703 0.54239519 0.00000000 -0.48626141 -0.89466376 -0.63613040 0.00000000 1.12218072 0.17404887 -1.47455164 1.53435525 1.42704657 -1.95641494 -1.62917991 0.02181028 0.00000000 -0.09997937 1.30610532 -1.15863399 1.93371456 -0.60516476 -1.40974745 1.91836795 1.05025844 1.17189402 -1.31581901 1.85762068 -0.78421888 -0.13451626 1.48710495 -1.52392590 -1.89108518 0.46926761
0.00000000 0.00000000 0.00000000 0.00000000 0.00000000 0.00000000 0.00000000 0.00000000 0.00000000 2.00498007 0.03804832 1.79245986 1.88644932 -0.54019022 0.99596893 -1.90680309 0.87062076 -0.21691537 -0.72545824 0.00000000 -0.85868264 -0.11969543 -0.18488193 -0.75716749 -1.89924237 -1.86615339 -1.91907634 1.39423395 -0.31555023 -0.16125457 1.66770501 -1.66041017 1.26943367 1.55923665 -0.28150621 0.82403931 -1.90162981 -0.42455632 -1.93623700 0.94570622 1.88088950 1.70843681 0.10415249 1.26544363 0.70516020 -1.97826618 -0.74063725 -1.59253307 -0.27854177 -0.66487591
0.00000000 0.00000000 0.00000000 0.00000000 0.00000000 0.00000000 0.00000000 0.00000000 0.00000000 0.00000000 5.28470537 -1.89552701 -1.95159132 -1.53116033 0.25509250 1.35156532 0.55507353 1.51133253 -1.08143358 0.00000000 -1.00384193 -0.51272960 -1.72041962 0.09055477 -1.53098811 0.00000000 -1.73962235 1.36002892 -0.99614359 -0.20036141 -0.15084545 -1.82382399 -1.84008888 1.46154788 1.64652243 1.02634432 -0.15275082 -1.27300185 -1.36763419 0.08949988 -1.13393311 0.48526888 1.96457039 1.76585503 -1.01992115 -1.04602762 -1.83708179 1.69741450 1.86914419 1.32666203
0.00000000 0.00000000 0.00000000 0.00000000 0.00000000 0.00000000 0.00000000 0.00000000 0.00000000 0.00000000 0.00000000 1.44407933 0.90573400 0.38302754 1.67672604 -0.74337514 -0.02978143 1.67536590 0.42653242 -0.56042839 -1.21012339 -0.86621243 1.44588998 0.38733594 0.85052642 1.37597780 0.92643839 0.12102268 -1.76482866 1.14316842 -1.06256374 -1.28141318 -1.86415977 0.01497906 0.00000000 0.00000000 0.51955649 -1.57140836 -1.57452630 -0.16748595 0.06550179 -1.09212005 1.62440282 -0.25848228 -1.00206327 1.20219621 1.11898429 0.00000000 -0.75880968 -0.60548081
0.00000000 0.00000000 0.00000000 0.00000000 0.00000000 0.00000000 0.00000000 0.00000000 0.00000000 0.00000000 0.00000000 0.00000000 1.44653639 -0.29174344 -1.74004981 1.60360993 -1.18369484 -1.13116554 0.88736133 0.00000000 0.00000000 -0.12799025 0.61096285 -1.40211527 0.64127757 1.84166051 1.88456625 -1.89923982 -1.42376770 -1.12842916 0.32825541 0.04596558 -0.06828091 -0.97216296 -1.56349294 -0.15125954 -1.09867620 0.00000000 0.65416759 1.91954777 -1.46183741 1.57968566 1.72417024 -0.44794865 -1.88288371 -0.62772244 -0.97147123 0.89346464 1.90805588 1.84639666
0.00000000 0.00000000 0.00000000 0.00000000 0.00000000 0.00000000 0.00000000 0.00000000 0.00000000 0.00000000 0.00000000 0.00000000 0.00000000 10.37914438 -1.12974063 -1.08910871 -0.33112937 -0.98725799 0.61078434 0.46591493 -1.95574419 -1.05242295 -0.23636179 -0.31571354 0.96957136 -1.67768702 -1.64816902 -0.41615610 -1.28285404 -1.49939370 1.88648328 0.75031367 -1.82221788 0.99274860 -1.52584453 1.76332101 -1.15561959 -0.67933648 -1.82089020 -1.08280039 -1.45045367 0.87264084 1.79668580 -1.56317486 -0.99200997 1.33295145 0.24888296 1.35138661 -0.72440510 -1.71713935
0.00000000 0.00000000 0.00000000 0.00000000 0.00000000 0.00000000 0.00000000 0.00000000 0.00000000 0.00000000 0.00000000 0.00000000 0.00000000 0.00000000 -3.27042427 -0.22767480 -0.33458464 -1.50364971 0.52778738 0.94308893 0.27010747 0.76054110 0.94829111 1.48199363 0.82704771 -0.74449974 1.51862800 1.52948777 1.40007293 1.68051714 -1.97927383 1.46673159 1.37162343 -0.65027023 -1.32803125 1.14222651 1.45459693 -0.32330214 -1.79903915 -1.39283802 -0.79434790 0.64547412 1.13460968 -1.59070676 -1.70318171 0.52646934 -0.18644993 0.00000000 0.03151653 1.67531208
0.00000000 0.00000000 0.00000000 0.00000000 0.00000000 0.00000000 0.00000000 0.00000000 0.00000000 0.00000000 0.00000000 0.00000000 0.00000000 0.00000000 0.00000000 4.54110551 -1.94455064 0.62200198 -0.47484634 0.22169814 -1.16968408 1.27956579 -0.38915429 -0.07114202 0.48841728 -0.33548825 -1.45944398 0.07636520 -1.45439522 0.00000000 -0.06252661 0.73571368 1.52766919 0.06376167 0.13192227 0.17733321 0.25631846 -1.00177541 0.00000000 -0.46316778 -1.72515312 -1.66622962 1.13981346 -1.48314446 -1.83962870 1.89373089 -1.47684431 -1.56686632 -1.49193018 -0.09663345
0.00000000 0.00000000 0.00000000 0.00000000 0.00000000 0.00000000 0.00000000 0.00000000 0.00000000 0.00000000 0.00000000 0.00000000 0.00000000 0.00000000 0.00000000 0.00000000 -0.64854679 0.22376494 -0.97771432 1.11494881 1.10570538 -0.13506151 0.00000000 -1.25699956 -1.45306912 1.52405405 -1.22702589 1.65008371 -0.58291267 1.86437605 -0.69082565 0.89148867 0.00000000 -1.80050575 -0.68188185 1.02569319 1.58307720 1.55196535 1.70144159 1.80878356 0.76139503 0.00000000 -0.23542673 -1.27900728 0.54110877 1.10105042 0.24725205 -1.21097400 0.45639392 0.00000000
0.00000000 0.00000000 0.00000000 0.00000000 0.00000000 0.00000000 0.00000000 0.00000000 0.00000000 0.00000000 0.00000000 0.00000000 0.00000000 0.00000000 0.00000000 0.00000000 0.00000000 -4.10786664 0.53453459 -0.28011004 0.00000000 -1.24738554 0.98033582 -1.34697833 -1.82102439 0.72951655 0.30520115 1.90209936 -0.79018546 -0.60264054 1.38219731 0.41488976 1.48623482 1.25692376 0.56782179 -1.03599550 -0.00484958 1.90290390 -1.95805466 0.64192414 1.61614361 0.84219771 -0.09200950 0.55845227 0.01061602 -0.55382833 1.87641029 1.63183950 -1.07180257 -1.68365405
0.00000000 0.00000000 0.00000000 0.00000000 0.00000000 0.00000000 0.00000000 0.00000000 0.00000000 0.00000000 0.00000000 0.00000000 0.00000000 0.00000000 0.00000000 0.00000000 0.00000000 0.00000000 -8.23769761 1.17022566 -0.11995246 0.27907821 -1.17867930 0.00000000 1.89310606 1.67232416 0.64822924 1.84932433 -1.64818770 0.41411017 -1.57139868 1.42985581 0.21716314 1.01066277 -0.28910728 0.00000000 -1.42111421 -0.79976064 0.28378214 0.79745065 1.74043197 1.19663518 1.13345457 1.42673704 -0.53423545 0.30071609 -1.29599239 -0.52003803 1.28031861 -0.90146140
0.00000000 0.00000000 0.00000000 0.00000000 0.00000000 0.00000000 0.00000000 0.00000000 0.00000000 0.00000000 0.00000000 0.00000000 0.00000000 0.00000000 0.00000000 0.00000000 0.00000000 0.00000000 0.00000000 1.54116963 -1.14626881 -0.67039793 -1.98176906 -0.86805908 -1.46314873 -0.11398307 -1.12599380 1.32341479 0.20775197 0.99762531 -0.80588644 0.28242571 1.97029395 1.64840611 -0.21947900 0.56502150 0.50164479 -1.37682044 1.49251929 0.00000000 -0.84612113 -0.04556138 -1.67506764 0.87694430 0.70908192 1.84165034 -0.90402003 -1.45140110 -1.66161216 -1.82792550
0.00000000 0.00000000 0.00000000 0.00000000 0.00000000 0.00000000 0.00000000 0.00000000 0.00000000 0.00000000 0.00000000 0.00000000 0.00000000 0.00000000 0.00000000 0.00000000 0.00000000 0.00000000 0.00000000 0.00000000 6.36188496 1.23038699 -0.80379751 -1.38046366 0.06774781 -0.67133592 1.65694048 -1.86248929 1.32372404 0.73442948 1.74055222 0.00000000 -0.98935057 0.70553319 -1.82396619 0.92407930 0.00000000 -1.46225746 -1.84484670 0.20604756 1.59516219 0.87817397 1.15543932 0.83047047 0.73567718 1.31361732 -1.92894303 -0.89681829 -1.55785646 -1.77317757
0.00000000 0.00000000 0.00000000 0.00000000 0.00000000 0.00000000 0.00000000 0.00000000 0.00000000 0.00000000 0.00000000 0.00000000 0.00000000 0.00000000 0.00000000 0.00000000 0.00000000 0.00000000 0.00000000 0.00000000 0.00000000 -0.08406624 1.66426540 -1.77281961 1.83242617 -0.85995724 0.06058607 -0.75812728 0.44212105 -0.36460483 -1.10585859 -1.74147376 1.46322640 -1.86002539 0.83328446 0.00000000 1.33504553 -1.89009152 -1.79325341 -0.58744444 0.94846701 -1.30198328 -1.47743765 0.74348107 1.43763190 -0.98530644 1.84831170 -1.97541093 -0.05576138 -0.20823324
0.00000000 0.00000000 0.00000000 0.00000000 0.00000000 0.00000000 0.00000000 0.00000000 0.00000000 0.00000000 0.00000000 0.00000000 0.00000000 0.00000000 0.00000000 0.00000000 0.00000000 0.00000000 0.00000000 0.00000000 0.00000000 0.00000000 -0.43985856 1.34339287 1.90916941 0.22239335 1.00946305 0.48824651 -1.52635864 1.35182828 -1.53139212 -0.91139823 1.71635226 1.69425169 0.82617792 -0.16578437 -0.80894209 -0.76500931 -1.68274736 0.00000000 -1.85058915 -1.66879835 0.25116995 0.33474667 1.73569778 1.44042369 0.00000000 -0.30136820 -1.67893514 0.00000000
0.00000000 0.00000000 0.00000000 0.00000000 0.00000000 0.00000000 0.00000000 0.00000000 0.00000000 0.00000000 0.00000000 0.00000000 0.00000000 0.00000000 0.00000000 0.00000000 0.00000000 0.00000000 0.00000000 0.00000000 0.00000000 0.00000000 0.00000000 1.28312836 0.63748265 1.13412292 -1.07640305 -1.46995109 1.95119350 0.69234470 -0.58248684 0.99519088 -1.72579340 -0.96053486 1.63502467 -0.19802858 0.84254377 1.02146677 0.67662592 0.00000000 -0.49923852 -0.56688814 -0.10842993 0.00000000 0.93968384 0.01309335 -1.89920826 -0.22321515 -0.06423588 0.33485970
0.00000000 0.00000000 0.00000000 0.00000000 0.00000000 0.00000000 0.00000000 0.00000000 0.00000000 0.00000000 0.00000000 0.00000000 0.00000000 0.00000000 0.00000000 0.00000000 0.00000000 0.00000000 0.00000000 0.00000000 0.00000000 0.00000000 0.00000000 0.00000000 0.92959940 -0.23080553 -0.00704225 1.23445053 0.99902540 -0.77737646 -1.76114574 1.22515156 0.34161485 -1.94984638 -0.08980529 0.52092379 1.95443874 -0.59840709 -1.46958612 -0.23196008 -1.43325731 1.32589385 -1.47714977 1.98728761 -1.91301574 0.52344737 1.98057313 -0.98515428 -0.81884667 -1.46874675
0.00000000 0.00000000 0.00000000 0.00000000 0.00000000 0.00000000 0.00000000 0.00000000 0.00000000 0.00000000 0.00000000 0.00000000 0.00000000 0.00000000 0.00000000 0.00000000 0.00000000 0.00000000 0.00000000 0.00000000 0.00000000 0.00000000 0.00000000 0.00000000 0.00000000 -3.72544873 0.42274861 0.50825473 -0.71964881 0.64857261 0.21751678 0.48692629 1.37490965 -0.31023009 0.68975329 1.20662976 -0.28388360 0.20489289 1.88431934 -0.90635759 -0.49709590 0.90495246 1.99633627 -0.56331265 0.00000000 1.23446854 -1.68677254 -1.28716692 -0.22051730 -0.77663437
0.00000000 0.00000000 0.00000000 0.00000000 0.00000000 0.00000000 0.00000000 0.00000000 0.00000000 0.00000000 0.00000000 0.00000000 0.00000000 0.00000000 0.00000000 0.00000000 0.00000000 0.00000000 0.00000000 0.00000000 0.00000000 0.00000000 0.00000000 0.00000000 0.00000000 0.00000000 1.68777632 -0.69752943 0.59963321 1.06633428 0.41251027 0.32866179 -1.97097620 1.40321195 0.92091326 -1.62894431 -0.04154347 -1.40471879 -1.89326805 0.24519781 0.51426096 1.42944564 -0.32826885 -1.66538850 -0.79998152 -0.42505889 -1.68424029 1.79269265 -0.76853298 1.40938129
0.00000000 0.00000000 0.00000000 0.00000000 0.00000000 0.00000000 0.00000000 0.00000000 0.00000000 0.00000000 0.00000000 0.00000000 0.00000000 0.00000000 0.00000000 0.00000000 0.00000000 0.00000000 0.00000000 0.00000000 0.00000000 0.00000000 0.00000000 0.00000000 0.00000000 0.00000000 0.00000000 -6.15464428 -0.65581503 1.12526169 -0.17317488 -0.77847090 0.73053904 -0.61889975 -0.44277068 1.62640513 0.12696390 1.36635514 0.00000000 1.24575428 1.13799015 0.00000000 1.52928468 1.77564363 -1.73351419 -0.00373529 0.45298806 0.38242681 -1.28159205 0.05101886
0.00000000 0.00000000 0.00000000 0.00000000 0.00000000 0.00000000 0.00000000 0.00000000 0.00000000 0.00000000 0.00000000 0.00000000 0.00000000 0.00000000 0.00000000 0.00000000 0.00000000 0.00000000 0.00000000 0.00000000 0.00000000 0.00000000 0.00000000 0.00000000 0.00000000 0.00000000 0.00000000 0.00000000 2.15676482 1.91661845 -0.30059504 -0.90769793 0.69577370 1.04748542 0.46140105 1.48388288 1.67366257 -0.37102810 1.15126866 1.63580762 -0.87674646 -1.75466378 1.09066834 1.24326992 -1.31836081 0.89100200 0.06065237 -1.07557722 -1.93701773 -1.53829840
0.00000000 0.00000000 0.00000000 0.00000000 0.00000000 0.00000000 0.00000000 0.00000000 0.00000000 0.00000000 0.00000000 0.00000000 0.00000000 0.00000000 0.00000000 0.00000000 0.00000000 0.00000000 0.00000000 0.00000000 0.00000000 0.00000000 0.00000000 0.00000000 0.00000000 0.00000000 0.00000000 0.00000000 0.00000000 -3.96384600 1.29406937 -1.48554530 0.00000000 1.35480349 -1.36859442 -1.15784329 1.33262621 -0.95824498 -0.24262264 0.63226717 -1.94774197 -1.56582303 0.06123642 -0.27176559 -0.50357749 1.44693763 -1.57003472 -0.55895634 0.07699691 1.90282936
0.00000000 0.00000000 0.00000000 0.00000000 0.00000000 0.00000000 0.00000000 0.00000000 0.00000000 0.00000000 0.00000000 0.00000000 0.00000000 0.00000000 0.00000000 0.00000000 0.00000000 0.00000000 0.00000000 0.00000000 0.00000000 0.00000000 0.00000000 0.00000000 0.00000000 0.00000000 0.00000000 0.00000000 0.00000000 0.00000000 4.12053852 0.00000000 1.00350846 -0.13755034 1.96828345 1.69293812 1.23388450 1.34124293 1.33556929 -1.09326877 -0.00546635 -0.32590792 -0.84391901 -1.68295679 -1.90571109 -1.32768650 -1.66247635 1.41385306 1.30212646 0.56937685
0.00000000 0.00000000 0.00000000 0.00000000 0.00000000 0.00000000 0.00000000 0.00000000 0.00000000 0.00000000 0.00000000 0.00000000 0.00000000 0.00000000 0.00000000 0.00000000 0.00000000 0.00000000 0.00000000 0.00000000 0.00000000 0.00000000 0.00000000 0.00000000 0.00000000 0.00000000 0.00000000 0.00000000 0.00000000 0.00000000 0.00000000 -2.22265459 0.45860167 -0.52474663 -1.52014949 1.74820815 1.12528218 -1.34217589 0.53595057 -0.96783287 -1.42988899 -0.61958596 0.72677795 0.62575133 0.66787543 1.40759351 1.77251748 0.24678211 1.97091564 -1.16269831
0.00000000 0.00000000 0.00000000 0.00000000 0.00000000 0.00000000 0.00000000 0.00000000 0.00000000 0.00000000 0.00000000 0.00000000 0.00000000 0.00000000 0.00000000 0.00000000 0.00000000 0.00000000 0.00000000 0.00000000 0.00000000 0.00000000 0.00000000 0.00000000 0.00000000 0.00000000 0.00000000 0.00000000 0.00000000 0.00000000 0.00000000 0.00000000 -1.06083095 1.62459477 -0.40859221 -0.00243107 0.46487548 -0.06623659 -0.32638446 -0.29902279 -1.29131307 -1.52123195 1.42032529 -1.06225997 0.78110411 -0.43718551 0.51192094 0.75982768 0.33873224 1.80115291
0.00000000 0.00000000 0.00000000 0.00000000 0.00000000 0.00000000 0.00000000 0.00000000 0.00000000 0.00000000 0.00000000 0.00000000 0.00000000 0.00000000 0.00000000 0.00000000 0.00000000 0.00000000 0.00000000 0.00000000 0.00000000 0.00000000 0.00000000 0.00000000 0.00000000 0.00000000 0.00000000 0.00000000 0.00000000 0.00000000 0.00000000 0.00000000 0.00000000 -0.67929535 0.92656332 0.57155372 -1.37213486 -0.40343091 1.20308823 0.30877813 1.11549932 -0.87159434 0.72394436 -1.10003072 -0.77610848 -0.00141665 -0.64305434 -1.25918487 -0.25860190 -1.83419724
0.00000000 0.00000000 0.00000000 0.00000000 0.00000000 0.00000000 0.00000000 0.00000000 0.00000000 0.00000000 0.00000000 0.00000000 0.00000000 0.00000000 0.00000000 0.00000000 0.00000000 0.00000000 0.00000000 0.00000000 0.00000000 0.00000000 0.00000000 0.00000000 0.00000000 0.00000000 0.00000000 0.00000000 0.00000000 0.00000000 0.00000000 0.00000000 0.00000000 0.00000000 -3.07195881 0.96604812 -0.63677720 0.87448519 0.97246429 0.37622928 -0.04187875 1.55096916 -0.06210334 -1.68978302 0.83049767 -0.52938330 1.23699689 1.09534123 0.65460139 0.36302954
0.00000000 0.00000000 0.00000000 0.00000000 0.00000000 0.00000000 0.00000000 0.00000000 0.00000000 0.00000000 0.00000000 0.00000000 0.00000000 0.00000000 0.00000000 0.00000000 0.00000000 0.00000000 0.00000000 0.00000000 0.00000000 0.00000000 0.00000000 0.00000000 0.00000000 0.00000000 0.00000000 0.00000000 0.00000000 0.00000000 0.00000000 0.00000000 0.00000000 0.00000000 0.00000000 -5.35251727 -0.96830265 0.47566475 -1.56814428 1.66893271 -1.14904027 -1.78956079 -1.10325902 1.74581156 0.87530779 -0.85370312 1.43290730 0.00000000 1.28474016 0.00790046
0.00000000 0.00000000 0.00000000 0.00000000 0.00000000 0.00000000 0.00000000 0.00000000 0.00000000 0.00000000 0.00000000 0.00000000 0.00000000 0.00000000 0.00000000 0.00000000 0.00000000 0.00000000 0.00000000 0.00000000 0.00000000 0.00000000 0.00000000 0.00000000 0.00000000 0.00000000 0.00000000 0.00000000 0.00000000 0.00000000 0.00000000 0.00000000 0.00000000 0.00000000 0.00000000 0.00000000 0.81568418 -0.68447711 1.77782502 -1.44006511 -0.76457354 0.68902143 -1.66214008 1.10642116 0.38737308 0.89752794 -1.85772863 -1.63078323 1.44499191 -1.54001890
0.00000000 0.00000000 0.00000000 0.00000000 0.00000000 0.00000000 0.00000000 0.00000000 0.00000000 0.00000000 0.00000000 0.00000000 0.00000000 0.00000000 0.00000000 0.00000000 0.00000000 0.00000000 0.00000000 0.00000000 0.00000000 0.00000000 0.00000000 0.00000000 0.00000000 0.00000000 0.00000000 0.00000000 0.00000000 0.00000000 0.00000000 0.00000000 0.00000000 0.00000000 0.00000000 0.00000000 0.00000000 7.52682014 -0.49572944 -1.69875926 0.12089004 -0.10768727 0.47321675 -0.49410771 -1.37804052 0.59120986 -1.41024349 0.75366643 0.98478625 1.26320892
0.00000000 0.00000000 0.00000000 0.00000000 0.00000000 0.00000000 0.00000000 0.00000000 0.00000000 0.00000000 0.00000000 0.00000000 0.00000000 0.00000000 0.00000000 0.00000000 0.00000000 0.00000000 0.00000000 0.00000000 0.00000000 0.00000000 0.00000000 0.00000000 0.00000000 0.00000000 0.00000000 0.00000000 0.00000000 0.00000000 0.00000000 0.00000000 0.00000000 0.00000000 0.00000000 0.00000000 0.00000000 0.00000000 4.93742775 -0.13853373 0.69129654 -0.85299072 0.75568466 1.45414319 -0.48056596 -0.11917025 0.60020094 1.63340663 -0.42652604 0.00000000
0.00000000 0.00000000 0.00000000 0.00000000 0.00000000 0.00000000 0.00000000 0.00000000 0.00000000 0.00000000 0.00000000 0.00000000 0.00000000 0.00000000 0.00000000 0.00000000 0.00000000 0.00000000 0.00000000 0.00000000 0.00000000 0.00000000 0.00000000 0.00000000 0.00000000 0.00000000 0.00000000 0.00000000 0.00000000 0.00000000 0.00000000 0.00000000 0.00000000 0.00000000 0.00000000 0.00000000 0.00000000 0.00000000 0.00000000 -2.10518679 -1.50842981 0.10009714 0.82360146 0.82057563 1.29326842 1.67631472 -0.44426923 -1.81105466 -1.97266971 0.41836815
0.00000000 0.00000000 0.00000000 0.00000000 0.00000000 0.00000000 0.00000000 0.00000000 0.00000000 0.00000000 0.00000000 0.00000000 0.00000000 0.00000000 0.00000000 0.00000000 0.00000000 0.00000000 0.00000000 0.00000000 0.00000000 0.00000000 0.00000000 0.00000000 0.00000000 0.00000000 0.00000000 0.00000000 0.00000000 0.00000000 0.00000000 0.00000000 0.00000000 0.00000000 0.00000000 0.00000000 0.00000000 0.00000000 0.00000000 0.00000000 1.22871252 -0.66863840 1.50858983 1.42298160 0.00000000 0.84567770 -1.96272131 -1.01039060 1.98383505 -1.08471851
0.00000000 0.00000000 0.00000000 0.00000000 0.00000000 0.00000000 0.00000000 0.00000000 0.00000000 0.00000000 0.00000000 0.00000000 0.00000000 0.00000000 0.00000000 0.00000000 0.00000000 0.00000000 0.00000000 0.00000000 0.00000000 0.00000000 0.00000000 0.00000000 0.00000000 0.00000000 0.00000000 0.00000000 0.00000000 0.00000000 0.00000000 0.00000000 0.00000000 0.00000000 0.00000000 0.00000000 0.00000000 0.00000000 0.00000000 0.00000000 0.00000000 3.28400049 -1.81860788 -0.62354658 -0.05179257 -0.25342877 1.49309785 -1.22948948 0.28496916 -0.90670184
0.00000000 0.00000000 0.00000000 0.00000000 0.00000000 0.00000000 0.00000000 0.00000000 0.00000000 0.00000000 0.00000000 0.00000000 0.00000000 0.00000000 0.00000000 0.00000000 0.00000000 0.00000000 0.00000000 0.00000000 0.00000000 0.00000000 0.00000000 0.00000000 0.00000000 0.00000000 0.00000000 0.00000000 0.00000000 0.00000000 0.00000000 0.00000000 0.00000000 0.00000000 0.00000000 0.00000000 0.00000000 0.00000000 0.00000000 0.00000000 0.00000000 0.00000000 -8.75628600 0.39454640 -0.52111423 1.17060135 1.74930399 0.95134680 -1.32618306 0.00000000
0.00000000 0.00000000 0.00000000 0.00000000 0.00000000 0.00000000 0.00000000 0.00000000 0.00000000 0.00000000 0.00000000 0.00000000 0.00000000 0.00000000 0.00000000 0.00000000 0.00000000 0.00000000 0.00000000 0.00000000 0.00000000 0.00000000 0.00000000 0.00000000 0.00000000 0.00000000 0.00000000 0.00000000 0.00000000 0.00000000 0.00000000 0.00000000 0.00000000 0.00000000 0.00000000 0.00000000 0.00000000 0.00000000 0.00000000 0.00000000 0.00000000 0.00000000 0.00000000 -2.01973152 -0.92811691 -0.30350956 -1.71990133 1.71547882 0.28610079 1.60121759
0.00000000 0.00000000 0.00000000 0.00000000 0.00000000 0.00000000 0.00000000 0.00000000 0.00000000 0.00000000 0.00000000 0.00000000 0.00000000 0.00000000 0.00000000 0.00000000 0.00000000 0.00000000 0.00000000 0.00000000 0.00000000 0.00000000 0.00000000 0.00000000 0.00000000 0.00000000 0.00000000 0.00000000 0.00000000 0.00000000 0.00000000 0.00000000 0.00000000 0.00000000 0.00000000 0.00000000 0.00000000 0.00000000 0.00000000 0.00000000 0.00000000 0.00000000 0.00000000 0.00000000 4.60393518 0.70085080 1.63415322 0.76639756 0.00000000 1.06873969
0.00000000 0.00000000 0.00000000 0.00000000 0.00000000 0.00000000 0.00000000 0.00000000 0.00000000 0.00000000 0.00000000 0.00000000 0.00000000 0.00000000 0.00000000 0.00000000 0.00000000 0.00000000 0.00000000 0.00000000 0.00000000 0.00000000 0.00000000 0.00000000 0.00000000 0.00000000 0.00000000 0.00000000 0.00000000 0.00000000 0.00000000 0.00000000 0.00000000 0.00000000 0.00000000 0.00000000 0.00000000 0.00000000 0.00000000 0.00000000 0.00000000 0.00000000 0.00000000 0.00000000 0.00000000 -6.30182671 0.24241877 -0.61688593 0.50758546 0.50712354
0.00000000 0.00000000 0.00000000 0.00000000 0.00000000 0.00000000 0.00000000 0.00000000 0.00000000 0.00000000 0.00000000 0.00000000 0.00000000 0.00000000 0.00000000 0.00000000 0.00000000 0.00000000 0.00000000 0.00000000 0.00000000 0.00000000 0.00000000 0.00000000 0.00000000 0.00000000 0.00000000 0.00000000 0.00000000 0.00000000 0.00000000 0.00000000 0.00000000 0.00000000 0.00000000 0.00000000 0.00000000 0.00000000 0.00000000 0.00000000 0.00000000 0.00000000 0.00000000 0.00000000 0.00000000 0.00000000 4.25377573 -0.55427590 0.41956143 0.79846982
0.00000000 0.00000000 0.00000000 0.00000000 0.00000000 0.00000000 0.00000000 0.00000000 0.00000000 0.00000000 0.00000000 0.00000000 0.00000000 0.00000000 0.00000000 0.00000000 0.00000000 0.00000000 0.00000000 0.00000000 0.00000000 0.00000000 0.00000000 0.00000000 0.00000000 0.00000000 0.00000000 0.00000000 0.00000000 0.00000000 0.00000000 0.00000000 0.00000000 0.00000000 0.00000000 0.00000000 0.00000000 0.00000000 0.00000000 0.00000000 0.00000000 0.00000000 0.00000000 0.00000000 0.00000000 0.00000000 0.00000000 5.50527247 0.80891935 -0.20751611
0.00000000 0.00000000 0.00000000 0.00000000 0.00000000 0.00000000 0.00000000 0.00000000 0.00000000 0.00000000 0.00000000 0.00000000 0.00000000 0.00000000 0.00000000 0.00000000 0.00000000 0.00000000 0.00000000 0.00000000 0.00000000 0.00000000 0.00000000 0.00000000 0.00000000 0.00000000 0.00000000 0.00000000 0.00000000 0.00000000 0.00000000 0.00000000 0.00000000 0.00000000 0.00000000 0.00000000 0.00000000 0.00000000 0.00000000 0.00000000 0.00000000 0.00000000 0.00000000 0.00000000 0.00000000 0.00000000 0.00000000 0.00000000 3.11038923 -1.45912957
0.00000000 0.00000000 0.00000000 0.00000000 0.00000000 0.00000000 0.00000000 0.00000000 0.00000000 0.00000000 0.00000000 0.00000000 0.00000000 0.00000000 0.00000000 0.00000000 0.00000000 0.00000000 0.00000000 0.00000000 0.00000000 0.00000000 0.00000000 0.00000000 0.00000000 0.00000000 0.00000000 0.00000000 0.00000000 0.00000000 0.00000000 0.00000000 0.00000000 0.00000000 0.00000000 0.00000000 0.00000000 0.00000000 0.00000000 0.00000000 0.00000000 0.00000000 0.00000000 0.00000000 0.00000000 0.00000000 0.00000000 0.00000000 0.00000000 1.71497275
