-4.01717876 1.62255870 0.74501663 1.06603703 1.61846495 -0.96069021 0.54290348 1.61978278 1.48852150 0.29176268
0.00000000 -0.70560979 -1.32248765 -0.35390775 0.00000000 1.97535205 -1.58700880 0.00000000 -0.72344340 1.80015643
0.00000000 0.00000000 0.74030032 -0.20239698 -1.16538971 -0.73238407 1.63454338 -0.65772476 -0.29051283 0.51073535
0.00000000 0.00000000 0.00000000 1.58114043 1.22234028 -0.03154566 -1.67413607 0.29283977 -1.85961139 -1.62190011
0.00000000 0.00000000 0.00000000 0.00000000 0.12059736 -1.23864984 0.77375289 -0.86611032 0.76099924 -1.34660221
0.00000000 0.00000000 0.00000000 0.00000000 0.00000000 1.08208292 -1.52921245 -1.90662109 0.82313485 1.43645057
0.00000000 0.00000000 0.00000000 0.00000000 0.00000000 0.00000000 2.97914864 -1.12133755 -1.04972252 -1.94807965
0.00000000 0.00000000 0.00000000 0.00000000 0.00000000 0.00000000 0.00000000 1.42837653 0.57943379 -0.79701569
0.00000000 0.00000000 0.00000000 0.00000000 0.00000000 0.00000000 0.00000000 0.00000000 0.86185578 -1.45251078
0.00000000 0.00000000 0.00000000 0.00000000 0.00000000 0.00000000 0.00000000 0.00000000 0.00000000 1.56350171
